1641896,0.000000,0.000000,0.000000,0.000000,0.000000,0.000000
1690999,0.192799,0.217947,10.150093,-3.297710,-1.328244,1.358779
1740995,0.035925,0.307760,10.200389,-3.145038,-1.801527,1.526718
1790995,0.199984,0.193997,10.186019,-3.114504,1.175573,1.053435
1841019,0.135319,0.177231,10.165661,-3.328244,-2.244275,1.404580
1890995,0.091011,0.276625,10.138118,-3.022901,0.229008,1.236641
1940995,0.153281,0.223934,10.144106,-3.083969,-0.381679,1.389313
1990995,0.178429,0.179626,10.150093,-3.175573,-0.641221,1.526718
2040995,0.096998,0.202379,10.163266,-3.175573,-0.702290,1.374046
2090995,0.164059,0.287402,10.187216,-2.870229,0.793893,1.145038
2140995,0.141306,0.211959,10.178833,-3.267176,-2.076336,1.587786
2190995,0.099393,0.199984,10.152488,-3.022901,1.083969,1.114504
2240995,0.150886,0.255070,10.121353,-3.175573,-1.038168,1.465649
2290995,0.062271,0.210762,10.145303,-2.992366,-0.320611,1.450382
2340995,0.162861,0.220342,10.172846,-3.053435,-0.076336,1.236641
2390995,0.124541,0.222737,10.141710,-3.175573,-1.175573,1.480916
2440995,0.118553,0.202379,10.128538,-3.053435,0.061069,1.297710
2490995,0.184417,0.227527,10.159674,-3.236641,-0.748092,1.267176
2540995,0.131726,0.231119,10.200389,-3.145038,-0.503817,1.175573
2590995,0.171244,0.215552,10.153686,-3.175573,-0.259542,1.648855
2640995,0.156874,0.226329,10.112970,-3.236641,-0.839695,1.557252
2690995,0.140109,0.198787,10.201586,-3.053435,-0.167939,1.496183
2740995,0.153281,0.274230,10.206376,-3.206107,-0.656489,1.312977
2790995,0.147294,0.226329,10.169253,-3.083969,-0.229008,1.343511
2840995,0.153281,0.211959,10.184821,-3.419847,-0.320611,1.221374
2890995,0.153281,0.198787,10.213561,-3.206107,-0.534351,1.450382
2940995,0.154479,0.253872,10.157278,-3.206107,-0.519084,1.389313
2990995,0.159269,0.241897,10.180031,-3.236641,-0.366412,1.267176
3040995,0.153281,0.228724,10.153686,-3.145038,-0.793893,1.404580
3090995,0.154479,0.219144,10.141710,-3.053435,0.122137,1.343511
3140995,0.140109,0.231119,10.145303,-3.083969,-0.870229,1.251908
3190995,0.116158,0.222737,10.100995,-3.053435,-0.229008,1.221374
3241019,0.156874,0.227527,10.150093,-3.022901,-0.717557,1.343511
3290995,0.132924,0.208367,10.226734,-3.175573,-0.519084,1.404580
3340995,0.153281,0.216749,10.227931,-3.175573,-0.351145,1.114504
3390995,0.165256,0.217947,10.206376,-3.114504,-0.503817,1.114504
3440995,0.150886,0.208367,10.172846,-3.175573,-0.641221,1.267176
3490995,0.126936,0.262255,10.206376,-3.267176,-0.259542,1.450382
3540995,0.129331,0.203577,10.208771,-3.145038,-0.870229,1.358779
3590995,0.116158,0.202379,10.129736,-2.992366,-0.183206,1.236641
3640995,0.208367,0.233514,10.154883,-3.053435,-0.580153,1.435115
3690995,0.123344,0.203577,10.178833,-3.114504,-0.732824,1.328244
3740995,0.154479,0.228724,10.139316,-3.236641,-0.015267,1.404580
3790995,0.167651,0.262255,10.184821,-3.175573,-0.778626,1.404580
3840995,0.092208,0.213157,10.213561,-3.236641,-0.274809,1.251908
3890995,0.140109,0.221539,10.178833,-3.267176,-0.641221,1.343511
3940995,0.140109,0.219144,10.172846,-3.114504,-0.809160,1.343511
3990995,0.158071,0.196392,10.186019,-3.236641,0.015267,1.374046
4040995,0.161664,0.228724,10.224339,-3.236641,-0.977099,1.282443
4090995,0.141306,0.223934,10.189611,-3.267176,0.122137,1.343511
4140995,0.153281,0.256267,10.188414,-3.145038,-0.748092,1.343511
4190995,0.113763,0.259860,10.144106,-3.175573,-0.656489,1.267176
4240995,0.171244,0.198787,10.159674,-2.900763,-0.229008,1.465649
4290995,0.156874,0.215552,10.219549,-3.450382,-0.534351,1.328244
4341019,0.129331,0.207169,10.166859,-3.358779,-0.687023,1.328244
4390995,0.144899,0.223934,10.165661,-3.175573,-0.015267,1.404580
4440995,0.134121,0.177231,10.130933,-3.053435,-1.114504,1.541985
4490995,0.202379,0.261057,10.089020,-3.145038,0.335878,1.251908
4540995,0.116158,0.227527,10.108180,-3.206107,-1.328244,1.526718
4590995,0.096998,0.250280,10.193204,-3.022901,0.045802,0.900763
4641019,0.196392,0.243094,10.150093,-3.236641,-0.702290,1.297710
4690995,0.111368,0.222737,10.199191,-3.206107,-0.549618,1.465649
4740995,0.150886,0.204774,10.157278,-3.083969,-0.106870,1.450382
4790995,0.152084,0.215552,10.187216,-3.206107,-0.687023,1.145038
4840995,0.162861,0.214354,10.192006,-3.114504,-0.137405,1.297710
4890995,0.118553,0.214354,10.205178,-3.297710,-0.320611,1.419847
4940995,0.148491,0.204774,10.190808,-3.206107,-0.702290,1.404580
4990995,0.140109,0.214354,10.199191,-3.267176,0.061069,1.068702
5040995,0.168849,0.240699,10.165661,-3.145038,-0.885496,1.267176
5090995,0.116158,0.208367,10.145303,-3.175573,-0.320611,1.557252
5140995,0.180824,0.216749,10.117761,-3.206107,-0.122137,1.175573
5190995,0.091011,0.238304,10.212363,-3.236641,-1.374046,1.450382
5240995,0.166454,0.227527,10.178833,-3.114504,0.442748,1.358779
5290995,0.128134,0.191602,10.192006,-3.267176,-0.992366,1.389313
5340995,0.147294,0.223934,10.148895,-3.053435,-0.427481,1.419847
5390995,0.192799,0.249082,10.225536,-3.206107,-0.106870,1.480916
5440995,0.154479,0.232317,10.147698,-3.267176,-1.160305,1.358779
5490995,0.143701,0.234712,10.164463,-2.961832,0.229008,1.328244
5540995,0.112566,0.229922,10.208771,-3.145038,-0.992366,1.404580
5590995,0.119751,0.251477,10.141710,-3.145038,-0.259542,1.251908
5640995,0.189207,0.281415,10.135723,-3.145038,-0.244275,1.328244
5690995,0.096998,0.184417,10.159674,-3.175573,-0.824427,1.312977
5741019,0.149689,0.189207,10.181229,-3.175573,0.061069,1.145038
5790995,0.147294,0.220342,10.176438,-3.083969,-0.854962,1.511450
5840995,0.159269,0.247885,10.158476,-3.083969,-0.320611,1.251908
5890995,0.091011,0.202379,10.171648,-3.236641,-0.366412,1.282443
5940995,0.123344,0.195194,10.165661,-3.175573,-0.366412,1.145038
5990995,0.104183,0.228724,10.153686,-3.145038,-0.778626,1.526718
6040995,0.193997,0.213157,10.176438,-3.083969,0.442748,1.236641
6090995,0.162861,0.225132,10.165661,-3.328244,-1.099237,1.328244
6140995,0.156874,0.241897,10.177636,-3.206107,0.244275,1.129771
6190995,0.134121,0.245490,10.171648,-3.236641,-0.992366,1.374046
6240995,0.140109,0.203577,10.159674,-3.206107,-0.458015,1.190840
6290995,0.129331,0.238304,10.176438,-3.145038,-0.167939,1.267176
6340995,0.126936,0.255070,10.220746,-2.961832,-0.702290,1.435115
6390995,0.153281,0.234712,10.153686,-3.083969,-0.503817,1.175573
6440995,0.154479,0.216749,10.128538,-3.206107,-0.335878,1.297710
6490995,0.128134,0.193997,10.156081,-2.961832,-0.671756,1.557252
6540995,0.099393,0.234712,10.178833,-3.145038,-0.122137,1.160305
6590995,0.156874,0.251477,10.181229,-3.389313,-0.702290,1.465649
6640995,0.096998,0.208367,10.206376,-3.083969,-0.320611,1.175573
6690995,0.173639,0.295785,10.104588,-3.114504,-0.793893,1.312977
6740995,0.137714,0.171244,10.130933,-3.236641,-0.351145,1.328244
6790995,0.144899,0.233514,10.189611,-3.083969,-0.381679,1.160305
6840995,0.130529,0.228724,10.120155,-3.145038,-0.580153,1.312977
6890995,0.184417,0.255070,10.176438,-3.206107,-0.229008,1.312977
6940995,0.130529,0.191602,10.144106,-3.175573,-0.809160,1.465649
6990995,0.142504,0.225132,10.163266,-3.145038,-0.320611,1.160305
7040995,0.156874,0.207169,10.202784,-3.358779,-0.748092,1.435115
7090995,0.170046,0.240699,10.181229,-3.022901,0.030534,1.206107
7141019,0.119751,0.234712,10.159674,-3.083969,-1.114504,1.480916
7190995,0.131726,0.184417,10.166859,-3.114504,0.137405,1.206107
7240995,0.174836,0.223934,10.253079,-2.961832,-0.748092,1.358779
7290995,0.111368,0.265847,10.150093,-3.053435,-0.366412,1.312977
7340995,0.179626,0.232317,10.178833,-3.114504,-0.274809,1.374046
7390995,0.136516,0.233514,10.169253,-3.053435,-0.793893,1.206107
7440995,0.142504,0.221539,10.176438,-3.175573,-0.381679,1.465649
7490995,0.126936,0.247885,10.181229,-3.083969,-0.625954,1.343511
7540995,0.158071,0.239502,10.207574,-3.297710,-0.580153,1.435115
7590995,0.099393,0.229922,10.151291,-3.083969,-0.458015,1.404580
7640995,0.162861,0.171244,10.142908,-3.145038,-0.366412,1.358779
7690995,0.150886,0.205972,10.150093,-3.175573,-0.595420,1.282443
7740995,0.137714,0.251477,10.200389,-3.083969,-0.412214,1.282443
7790995,0.152084,0.229922,10.127340,-3.114504,-0.641221,1.236641
7840995,0.102986,0.232317,10.194401,-3.206107,-0.412214,1.358779
7890995,0.150886,0.208367,10.174044,-2.961832,-0.580153,1.328244
7940995,0.146096,0.217947,10.199191,-3.083969,-0.427481,1.404580
7990995,0.153281,0.216749,10.165661,-3.145038,-0.366412,1.389313
8040995,0.117356,0.161664,10.206376,-3.145038,-0.671756,1.480916
8090995,0.152084,0.222737,10.171648,-3.175573,-0.274809,1.251908
8140995,0.155676,0.234712,10.128538,-3.114504,-0.549618,1.251908
8190995,0.100591,0.234712,10.151291,-3.114504,-0.366412,1.007634
8241019,0.137714,0.210762,10.193204,-3.175573,-0.595420,1.297710
8290995,0.170046,0.245490,10.160871,-3.022901,-0.320611,1.206107
8340995,0.137714,0.211959,10.152488,-3.267176,-0.580153,1.374046
8390995,0.132924,0.233514,10.190808,-3.175573,-0.503817,1.496183
8440995,0.117356,0.220342,10.146501,-3.358779,-0.458015,1.389313
8490995,0.159269,0.231119,10.231524,-3.145038,-0.534351,1.297710
8540995,0.130529,0.237107,10.203981,-3.206107,-0.519084,1.267176
8590995,0.130529,0.207169,10.134525,-3.328244,-0.519084,1.251908
8640995,0.147294,0.197589,10.126143,-2.931298,-0.320611,1.419847
8690995,0.158071,0.246687,10.150093,-2.992366,-0.549618,1.511450
8740995,0.094603,0.227527,10.159674,-3.083969,-0.503817,1.572519
8790995,0.153281,0.219144,10.211166,-3.175573,-0.274809,1.328244
8840995,0.164059,0.226329,10.172846,-3.236641,-0.763359,1.404580
8890995,0.170046,0.238304,10.136921,-3.145038,-0.198473,1.190840
8940995,0.136516,0.220342,10.207574,-3.175573,-0.564885,1.450382
8990995,0.149689,0.221539,10.163266,-3.328244,-0.427481,1.267176
9040995,0.138911,0.215552,10.208771,-2.992366,-0.534351,1.328244
9090995,0.168849,0.209564,10.145303,-3.328244,-0.580153,1.282443
9140995,0.131726,0.235909,10.177636,-3.145038,-0.549618,1.404580
9190995,0.167651,0.213157,10.102193,-3.175573,-0.473282,1.450382
9240995,0.148491,0.197589,10.199191,-3.145038,-0.519084,1.358779
9290995,0.141306,0.222737,10.177636,-3.236641,-0.122137,1.496183
9340995,0.156874,0.238304,10.138118,-3.297710,-0.778626,1.526718
9390995,0.150886,0.219144,10.181229,-3.114504,-0.274809,1.236641
9440995,0.165256,0.233514,10.199191,-2.900763,-0.625954,1.404580
9490995,0.152084,0.219144,10.160871,-3.175573,-0.534351,1.206107
9540995,0.140109,0.233514,10.120155,-3.114504,-0.274809,1.251908
9590995,0.152084,0.228724,10.171648,-3.297710,-0.595420,1.496183
9641019,0.113763,0.256267,10.192006,-3.083969,-0.381679,1.251908
9690995,0.141306,0.221539,10.203981,-3.297710,-0.580153,1.465649
9740995,0.168849,0.261057,10.235116,-3.175573,-0.305344,1.389313
9790995,0.100591,0.246687,10.156081,-3.206107,-0.809160,1.435115
9840995,0.142504,0.137714,10.073453,-3.053435,0.290076,1.374046
9890995,0.083826,0.225132,10.178833,-3.114504,-1.374046,1.465649
9940995,0.156874,0.255070,10.176438,-3.145038,0.473282,1.099237
9990995,0.177231,0.231119,10.160871,-3.114504,-1.099237,1.603053
10040995,0.111368,0.226329,10.146501,-3.358779,-0.122137,1.587786
10090995,0.144899,0.210762,10.157278,-3.236641,-0.885496,1.480916
10140995,0.085023,0.196392,10.136921,-3.267176,-0.183206,1.465649
10190995,0.164059,0.208367,10.166859,-3.206107,-0.458015,1.450382
10240995,0.135319,0.217947,10.127340,-3.053435,-1.053435,1.480916
10290995,0.185614,0.231119,10.165661,-3.236641,0.366412,1.206107
15090995,0.135319,0.250280,10.171648,-3.206107,-0.030534,1.267176
15140995,0.180824,0.220342,10.164463,-3.206107,-1.068702,1.160305
15190995,0.113763,0.243094,10.181229,-2.931298,-0.458015,1.389313
15240995,0.182021,0.253872,10.158476,-3.145038,-0.259542,1.297710
15290995,0.077838,0.209564,10.118958,-3.206107,-0.961832,1.419847
15340995,0.140109,0.235909,10.165661,-3.053435,-0.015267,1.206107
15390995,0.132924,0.251477,10.151291,-3.206107,-0.580153,1.404580
15440995,0.125739,0.222737,10.134525,-3.022901,-0.396947,1.328244
15490995,0.104183,0.227527,10.168056,-3.206107,-0.458015,1.435115
15540995,0.188009,0.216749,10.112970,-3.114504,-0.335878,1.374046
15590995,0.112566,0.225132,10.163266,-3.328244,-0.839695,1.312977
15640995,0.202379,0.251477,10.163266,-3.114504,-0.030534,1.297710
15690995,0.131726,0.195194,10.206376,-2.900763,-0.717557,1.297710
15740995,0.142504,0.195194,10.135723,-3.114504,-0.320611,1.404580
15790995,0.130529,0.214354,10.177636,-3.083969,-0.122137,1.267176
15840995,0.147294,0.214354,10.177636,-3.236641,-1.038168,1.374046
15890995,0.112566,0.231119,10.183623,-3.206107,0.198473,1.312977
15940995,0.189207,0.215552,10.140513,-3.053435,-0.946565,1.557252
15990995,0.104183,0.244292,10.138118,-3.114504,-0.396947,1.160305
16041019,0.182021,0.222737,10.241104,-2.900763,0.030534,1.282443
16090995,0.147294,0.202379,10.202784,-3.236641,-1.236641,1.435115
16140995,0.167651,0.202379,10.133328,-3.053435,0.091603,1.022901
16190995,0.112566,0.255070,10.205178,-3.083969,-0.748092,1.511450
16240995,0.177231,0.220342,10.200389,-3.145038,-0.412214,1.480916
16290995,0.158071,0.259860,10.215957,-2.931298,-0.778626,1.206107
16340995,0.162861,0.268242,10.153686,-3.267176,-0.183206,1.160305
16390995,0.153281,0.204774,10.157278,-3.114504,-0.916031,1.251908
16440995,0.113763,0.244292,10.136921,-3.053435,-0.106870,1.374046
16490995,0.150886,0.252675,10.189611,-3.145038,-0.580153,1.267176
16540995,0.096998,0.202379,10.207574,-3.175573,-0.717557,1.328244
16590995,0.156874,0.198787,10.226734,-3.022901,-0.183206,1.374046
16640995,0.188009,0.209564,10.154883,-2.992366,-0.839695,1.404580
16690995,0.105381,0.221539,10.153686,-3.083969,-0.442748,1.343511
16740995,0.120948,0.205972,10.206376,-2.992366,-0.412214,1.145038
16790995,0.154479,0.226329,10.151291,-3.114504,-0.717557,1.206107
16840995,0.117356,0.213157,10.220746,-3.297710,-0.427481,1.435115
16890995,0.130529,0.186812,10.144106,-3.267176,-0.290076,1.343511
16940995,0.158071,0.233514,10.163266,-3.145038,-0.763359,1.480916
16990995,0.112566,0.234712,10.115365,-3.175573,0.015267,1.282443
17040995,0.124541,0.232317,10.132131,-3.175573,-0.793893,1.312977
17090995,0.158071,0.211959,10.144106,-3.022901,-0.274809,1.312977
17141019,0.136516,0.228724,10.141710,-3.145038,-0.366412,1.236641
17190995,0.123344,0.229922,10.163266,-3.236641,-0.503817,1.343511
17240995,0.148491,0.227527,10.197993,-3.145038,-0.519084,1.343511
17290995,0.161664,0.221539,10.182425,-3.083969,-0.458015,1.374046
17340995,0.142504,0.217947,10.139316,-3.267176,-0.335878,1.282443
17390995,0.156874,0.211959,10.170451,-2.931298,-0.564885,1.251908
17441019,0.118553,0.179626,10.151291,-3.022901,-0.427481,1.435115
17490995,0.124541,0.213157,10.188414,-3.267176,-0.320611,1.129771
17540995,0.140109,0.235909,10.194401,-3.114504,-0.473282,1.450382
17590995,0.111368,0.238304,10.186019,-3.114504,-0.412214,1.175573
17640995,0.130529,0.221539,10.115365,-3.083969,-0.519084,1.374046
17690995,0.171244,0.222737,10.110576,-3.083969,-0.488550,1.221374
17740995,0.144899,0.232317,10.102193,-3.175573,-0.473282,1.328244
17790995,0.147294,0.234712,10.122550,-3.175573,-0.412214,1.328244
17840995,0.155676,0.251477,10.168056,-3.053435,-0.458015,1.557252
17890995,0.129331,0.202379,10.145303,-3.236641,-0.519084,1.114504
17940995,0.160466,0.220342,10.192006,-3.114504,-0.335878,1.190840
17990995,0.130529,0.221539,10.110576,-3.022901,-0.549618,1.312977
18040995,0.178429,0.193997,10.146501,-2.961832,-0.427481,1.450382
18090995,0.138911,0.228724,10.154883,-3.328244,-0.534351,1.343511
18140995,0.118553,0.204774,10.230327,-2.931298,-0.412214,1.389313
18190995,0.156874,0.235909,10.150093,-3.053435,-0.549618,1.358779
18240995,0.112566,0.225132,10.148895,-3.206107,-0.366412,1.389313
18290995,0.125739,0.231119,10.157278,-3.206107,-0.656489,1.343511
18340995,0.129331,0.240699,10.160871,-3.053435,-0.458015,1.419847
18390995,0.154479,0.213157,10.197993,-3.206107,-0.320611,1.206107
18440995,0.141306,0.252675,10.164463,-3.053435,-0.610687,1.343511
18490995,0.123344,0.207169,10.233919,-3.145038,-0.259542,1.404580
18541019,0.124541,0.234712,10.207574,-3.419847,-0.641221,1.404580
18590995,0.131726,0.253872,10.126143,-3.053435,-0.335878,1.251908
18640995,0.149689,0.228724,10.089020,-3.297710,-0.870229,1.450382
18690995,0.134121,0.233514,10.174044,-3.206107,-0.290076,1.206107
18740995,0.152084,0.217947,10.145303,-3.053435,-0.610687,1.236641
18790995,0.134121,0.223934,10.165661,-3.022901,-0.335878,1.404580
18840995,0.104183,0.249082,10.154883,-2.900763,-0.366412,1.206107
18890995,0.130529,0.239502,10.217154,-3.083969,-0.458015,1.206107
18940995,0.122146,0.232317,10.175241,-3.053435,-0.396947,1.297710
18990995,0.098196,0.197589,10.192006,-3.236641,-0.381679,1.328244
19040995,0.143701,0.199984,10.142908,-3.114504,-0.564885,1.374046
19090995,0.153281,0.225132,10.127340,-3.114504,-0.137405,1.190840
19140995,0.136516,0.256267,10.150093,-3.297710,-0.702290,1.587786
19190995,0.131726,0.247885,10.194401,-3.175573,-0.213740,1.343511
19240995,0.153281,0.198787,10.168056,-3.175573,-0.412214,1.450382
19290995,0.150886,0.247885,10.169253,-3.267176,-0.534351,1.404580
19340995,0.183219,0.234712,10.226734,-3.175573,-0.488550,1.404580
19390995,0.167651,0.249082,10.203981,-3.053435,-0.748092,1.206107
19440995,0.135319,0.214354,10.115365,-3.297710,-0.519084,1.282443
19490995,0.138911,0.258662,10.160871,-2.931298,-0.290076,1.435115
19540995,0.134121,0.198787,10.128538,-3.175573,-0.793893,1.389313
19590995,0.141306,0.217947,10.214759,-3.114504,-0.274809,1.251908
19640995,0.132924,0.235909,10.184821,-3.206107,-0.427481,1.389313
19690995,0.170046,0.227527,10.160871,-3.114504,-0.473282,1.435115
19740995,0.128134,0.240699,10.166859,-3.145038,-0.290076,1.175573
19790995,0.122146,0.210762,10.233919,-3.297710,-0.702290,1.435115
19840995,0.142504,0.241897,10.176438,-3.175573,-0.427481,1.297710
19890995,0.179626,0.221539,10.139316,-3.328244,-0.671756,1.221374
19941019,0.153281,0.237107,10.118958,-3.114504,-0.229008,1.297710
19990995,0.144899,0.229922,10.133328,-3.145038,-0.564885,1.312977
20040995,0.131726,0.262255,10.152488,-3.083969,-0.534351,1.404580
20090995,0.159269,0.226329,10.163266,-3.206107,-0.442748,1.160305
20140995,0.138911,0.211959,10.142908,-3.114504,-0.610687,1.190840
20190995,0.126936,0.226329,10.202784,-3.114504,-0.396947,1.312977
20240995,0.102986,0.237107,10.138118,-3.145038,-0.442748,1.450382
20290995,0.120948,0.247885,10.190808,-3.328244,-0.580153,1.251908
20340995,0.156874,0.223934,10.166859,-3.145038,-0.320611,1.389313
20390995,0.104183,0.191602,10.134525,-3.083969,-0.656489,1.465649
20440995,0.119751,0.195194,10.150093,-3.236641,-0.198473,1.419847
20490995,0.156874,0.234712,10.195599,-3.145038,-0.625954,1.267176
20540995,0.114961,0.207169,10.231524,-3.114504,-0.274809,1.251908
20590995,0.152084,0.240699,10.187216,-3.328244,-0.503817,1.404580
20640995,0.150886,0.216749,10.112970,-3.083969,-0.503817,1.251908
20690995,0.136516,0.256267,10.176438,-3.297710,-0.412214,1.221374
20740995,0.170046,0.259860,10.172846,-3.236641,-0.580153,1.221374
20790995,0.146096,0.203577,10.135723,-2.992366,-0.519084,1.206107
20840995,0.162861,0.222737,10.171648,-3.175573,-0.473282,1.374046
20890995,0.102986,0.219144,10.184821,-2.992366,-0.488550,1.190840
20940995,0.148491,0.198787,10.157278,-2.961832,-0.473282,1.358779
20990995,0.142504,0.219144,10.165661,-3.145038,-0.305344,1.251908
21041019,0.173639,0.237107,10.156081,-3.175573,-0.244275,1.114504
21090995,0.132924,0.211959,10.193204,-3.267176,-0.732824,1.297710
21140995,0.102986,0.243094,10.165661,-3.083969,-0.076336,1.328244
21190995,0.132924,0.240699,10.201586,-3.267176,-0.717557,1.328244
21240995,0.124541,0.263452,10.227931,-3.145038,-0.488550,1.374046
21290995,0.150886,0.238304,10.172846,-2.900763,-0.244275,1.328244
21340995,0.132924,0.258662,10.171648,-3.175573,-0.625954,1.572519
21390995,0.116158,0.246687,10.110576,-2.961832,-0.167939,1.267176
21440995,0.141306,0.233514,10.152488,-3.114504,-0.519084,1.511450
21490995,0.098196,0.199984,10.164463,-3.083969,-0.702290,1.236641
21540995,0.158071,0.217947,10.134525,-2.992366,-0.122137,1.221374
21590995,0.168849,0.259860,10.138118,-3.145038,-0.885496,1.435115
21640995,0.141306,0.232317,10.175241,-3.175573,-0.137405,1.343511
21690995,0.124541,0.183219,10.156081,-3.328244,-0.656489,1.419847
21740995,0.130529,0.213157,10.177636,-3.145038,-0.503817,1.450382
21790995,0.152084,0.222737,10.178833,-3.145038,-0.244275,1.312977
21840995,0.135319,0.239502,10.195599,-3.083969,-0.641221,1.480916
21890995,0.176034,0.247885,10.172846,-3.053435,-0.274809,1.343511
21940995,0.183219,0.255070,10.169253,-2.931298,-0.687023,1.496183
21990995,0.140109,0.228724,10.090218,-3.083969,-0.366412,1.358779
22040995,0.089813,0.237107,10.130933,-3.053435,-0.183206,1.206107
22090995,0.166454,0.225132,10.109378,-3.022901,-0.870229,1.328244
22140995,0.104183,0.216749,10.096206,-3.114504,-0.366412,1.389313
22190995,0.162861,0.208367,10.183623,-3.053435,-0.167939,1.358779
22240995,0.122146,0.215552,10.158476,-3.206107,-0.916031,1.526718
22290995,0.148491,0.247885,10.116563,-3.206107,0.061069,1.145038
22340995,0.173639,0.215552,10.195599,-2.992366,-0.854962,1.511450
22390995,0.118553,0.227527,10.158476,-2.992366,-0.335878,1.312977
22441019,0.152084,0.256267,10.178833,-3.236641,-0.503817,1.312977
22490995,0.120948,0.243094,10.140513,-3.022901,-0.656489,1.129771
22540995,0.150886,0.265847,10.183623,-3.175573,-0.152672,1.404580
22590995,0.132924,0.250280,10.195599,-3.206107,-0.671756,1.404580
22640995,0.135319,0.250280,10.220746,-3.114504,-0.335878,1.374046
22690995,0.184417,0.235909,10.230327,-3.114504,-0.503817,1.496183
22740995,0.173639,0.262255,10.171648,-3.175573,-0.595420,1.206107
22790995,0.146096,0.208367,10.157278,-3.114504,-0.519084,1.282443
22840995,0.126936,0.228724,10.174044,-3.206107,-0.427481,1.297710
22890995,0.117356,0.264650,10.135723,-3.114504,-1.007634,1.419847
22940995,0.165256,0.233514,10.154883,-3.053435,0.061069,1.267176
22990995,0.171244,0.250280,10.174044,-3.145038,-1.083969,1.435115
23040995,0.138911,0.220342,10.144106,-2.992366,0.061069,1.450382
23090995,0.158071,0.246687,10.174044,-3.145038,-0.900763,1.374046
23140995,0.164059,0.184417,10.146501,-3.145038,0.137405,1.343511
23190995,0.178429,0.227527,10.175241,-3.022901,-1.129771,1.511450
23240995,0.114961,0.222737,10.192006,-3.175573,-0.015267,1.175573
23290995,0.170046,0.220342,10.154883,-3.175573,-0.839695,1.557252
23340995,0.146096,0.235909,10.164463,-2.992366,-0.290076,1.145038
23390995,0.155676,0.263452,10.129736,-3.145038,-0.580153,1.389313
23440995,0.122146,0.255070,10.127340,-3.083969,-0.305344,1.328244
23490995,0.155676,0.245490,10.180031,-3.053435,-0.778626,1.328244
23541019,0.199984,0.193997,10.224339,-3.083969,-0.106870,1.129771
23590995,0.154479,0.209564,10.156081,-2.961832,-1.114504,1.435115
23640995,0.143701,0.199984,10.140513,-3.206107,-0.137405,1.404580
23690995,0.173639,0.209564,10.178833,-3.267176,-1.007634,1.282443
23740995,0.077838,0.216749,10.189611,-3.022901,-0.290076,1.450382
23790995,0.176034,0.240699,10.139316,-3.022901,-0.335878,1.389313
23841019,0.077838,0.219144,10.117761,-3.175573,-0.885496,1.282443
23890995,0.134121,0.177231,10.181229,-3.083969,0.122137,1.297710
23940995,0.132924,0.197589,10.158476,-3.114504,-1.007634,1.450382
23990995,0.150886,0.191602,10.188414,-3.083969,-0.091603,1.435115
24040995,0.156874,0.229922,10.168056,-3.236641,-0.854962,1.328244
24090995,0.095801,0.241897,10.150093,-3.236641,-0.183206,1.221374
24140995,0.132924,0.207169,10.242301,-3.236641,-0.625954,1.190840
24190995,0.134121,0.249082,10.181229,-3.083969,-0.473282,1.282443
24240995,0.185614,0.232317,10.166859,-3.114504,-0.458015,1.465649
24290995,0.091011,0.223934,10.170451,-3.114504,-0.595420,1.435115
24340995,0.128134,0.192799,10.162068,-3.053435,-0.122137,1.496183
24390995,0.153281,0.269440,10.184821,-3.145038,-0.900763,1.404580
24440995,0.112566,0.263452,10.141710,-2.870229,-0.061069,1.160305
24490995,0.178429,0.233514,10.175241,-3.145038,-0.366412,1.282443
24540995,0.111368,0.210762,10.151291,-3.206107,-1.175573,1.541985
24590995,0.130529,0.263452,10.176438,-3.053435,0.381679,1.328244
24640995,0.149689,0.226329,10.211166,-3.114504,-1.328244,1.297710
24690995,0.110171,0.188009,10.148895,-3.083969,-0.198473,1.343511
24740995,0.160466,0.238304,10.242301,-3.145038,-0.458015,1.343511
24790995,0.125739,0.268242,10.178833,-3.206107,-0.885496,1.389313
24840995,0.126936,0.261057,10.177636,-3.022901,-0.198473,1.251908
24890995,0.160466,0.219144,10.128538,-3.083969,-0.793893,1.328244
24941019,0.083826,0.233514,10.116563,-3.114504,-0.488550,1.404580
24990995,0.174836,0.233514,10.142908,-3.206107,-0.564885,1.450382
25040995,0.120948,0.245490,10.141710,-3.175573,-0.580153,1.297710
25090995,0.156874,0.233514,10.156081,-2.961832,-0.198473,1.389313
25140995,0.131726,0.256267,10.136921,-2.992366,-0.427481,1.312977
25190995,0.137714,0.199984,10.166859,-3.175573,-0.503817,1.068702
25240995,0.161664,0.258662,10.153686,-3.083969,-0.213740,1.145038
25290995,0.111368,0.246687,10.170451,-3.083969,-0.656489,1.343511
25340995,0.153281,0.239502,10.162068,-3.053435,-0.351145,1.114504
25390995,0.174836,0.228724,10.098600,-3.145038,-0.458015,1.450382
25440995,0.116158,0.231119,10.124946,-3.053435,-0.687023,1.541985
25490995,0.144899,0.249082,10.177636,-3.053435,-0.152672,1.312977
25540995,0.156874,0.243094,10.093810,-3.083969,-0.824427,1.496183
25590995,0.147294,0.221539,10.133328,-2.992366,-0.259542,1.328244
25640995,0.159269,0.192799,10.169253,-3.206107,-0.580153,1.450382
25690995,0.138911,0.240699,10.154883,-3.175573,-0.549618,1.603053
25740995,0.126936,0.235909,10.172846,-3.175573,-0.458015,1.297710
25790995,0.183219,0.234712,10.109378,-3.022901,-0.152672,1.328244
25840995,0.126936,0.217947,10.157278,-3.297710,-0.793893,1.389313
25890995,0.130529,0.211959,10.140513,-3.145038,-0.076336,1.328244
25940995,0.134121,0.227527,10.139316,-3.053435,-0.778626,1.358779
25990995,0.140109,0.221539,10.145303,-3.053435,-0.274809,1.251908
26040995,0.153281,0.228724,10.176438,-3.145038,-0.381679,1.251908
26090995,0.123344,0.198787,10.199191,-3.358779,-0.610687,1.312977
26140995,0.188009,0.241897,10.117761,-3.083969,-0.091603,1.389313
26190995,0.158071,0.227527,10.205178,-3.114504,-0.732824,1.450382
26240995,0.130529,0.221539,10.129736,-3.053435,-0.244275,1.190840
26290995,0.152084,0.190404,10.194401,-3.083969,-0.580153,1.358779
26341019,0.138911,0.223934,10.151291,-3.267176,-0.748092,1.389313
26390995,0.162861,0.192799,10.164463,-3.083969,0.091603,1.389313
26440995,0.166454,0.225132,10.144106,-3.297710,-0.946565,1.419847
26490995,0.150886,0.165256,10.186019,-3.114504,-0.183206,1.175573
26540995,0.132924,0.232317,10.134525,-3.145038,-0.625954,1.282443
26590995,0.141306,0.221539,10.136921,-2.931298,-0.259542,1.480916
26640995,0.140109,0.258662,10.182425,-3.175573,-0.381679,1.328244
26690995,0.118553,0.225132,10.197993,-2.931298,-0.641221,1.496183
26740995,0.150886,0.229922,10.175241,-3.053435,-0.381679,1.251908
26790995,0.166454,0.219144,10.205178,-3.083969,-0.427481,1.343511
26840995,0.112566,0.226329,10.124946,-3.022901,-0.335878,1.267176
26890995,0.131726,0.210762,10.139316,-3.083969,-0.396947,1.435115
26940995,0.140109,0.223934,10.225536,-3.297710,-0.595420,1.328244
26990995,0.143701,0.235909,10.176438,-3.053435,-0.335878,1.267176
27040995,0.152084,0.231119,10.193204,-3.083969,-0.671756,1.251908
27090995,0.102986,0.201182,10.207574,-3.145038,-0.442748,1.465649
27140995,0.119751,0.264650,10.193204,-3.175573,-0.335878,1.190840
27190995,0.114961,0.228724,10.184821,-3.145038,-0.656489,1.312977
27240995,0.155676,0.229922,10.215957,-3.083969,-0.473282,1.160305
27290995,0.178429,0.222737,10.190808,-3.022901,-0.534351,1.404580
27340995,0.107776,0.233514,10.183623,-3.236641,-0.992366,1.312977
27390995,0.128134,0.241897,10.171648,-3.175573,0.045802,1.251908
27441019,0.144899,0.205972,10.218351,-3.236641,-0.992366,1.343511
27490995,0.141306,0.228724,10.187216,-3.175573,0.229008,1.236641
27540995,0.143701,0.249082,10.151291,-3.083969,-0.534351,1.343511
27590995,0.116158,0.205972,10.150093,-3.175573,-0.366412,1.404580
27640995,0.120948,0.213157,10.193204,-3.114504,-0.412214,1.328244
27690995,0.153281,0.245490,10.236314,-3.328244,-0.564885,1.480916
27740995,0.171244,0.228724,10.188414,-3.053435,-0.473282,1.343511
27790995,0.149689,0.221539,10.188414,-3.145038,-0.458015,1.282443
27840995,0.138911,0.214354,10.152488,-3.145038,-0.519084,1.328244
27890995,0.161664,0.233514,10.166859,-3.145038,-0.427481,1.435115
27940995,0.154479,0.222737,10.183623,-3.145038,-0.381679,1.267176
27990995,0.165256,0.226329,10.174044,-3.145038,-0.396947,1.511450
28040995,0.185614,0.243094,10.154883,-3.114504,-0.366412,1.389313
28090995,0.150886,0.241897,10.141710,-3.206107,-0.534351,1.480916
28140995,0.150886,0.233514,10.160871,-3.175573,-0.335878,1.343511
28190995,0.122146,0.204774,10.203981,-3.145038,-0.213740,1.251908
28240995,0.142504,0.226329,10.218351,-3.297710,-0.595420,1.541985
28290995,0.104183,0.250280,10.151291,-3.175573,-0.763359,1.404580
28340995,0.173639,0.179626,10.207574,-3.206107,0.320611,1.374046
28390995,0.112566,0.221539,10.169253,-3.114504,-1.480916,1.480916
28440995,0.122146,0.221539,10.108180,-3.145038,0.671756,1.129771
28490995,0.174836,0.232317,10.223142,-2.992366,-1.236641,1.587786
28540995,0.118553,0.221539,10.176438,-3.022901,-0.076336,1.251908
28590995,0.172441,0.201182,10.186019,-3.206107,-0.030534,1.282443
28640995,0.094603,0.238304,10.171648,-3.236641,-1.206107,1.511450
28690995,0.180824,0.225132,10.181229,-3.145038,0.305344,1.312977
28740995,0.119751,0.166454,10.133328,-3.267176,-0.977099,1.328244
28790995,0.154479,0.239502,10.226734,-2.900763,0.152672,1.251908
28841019,0.100591,0.273032,10.168056,-3.145038,-1.480916,1.526718
28890995,0.129331,0.142504,10.192006,-2.992366,0.580153,0.748092
28940995,0.177231,0.258662,10.213561,-3.083969,-0.916031,1.526718
28990995,0.043110,0.165256,10.078242,-3.083969,-1.007634,1.435115
29040995,0.189207,0.246687,10.129736,-3.022901,0.839695,0.885496
29090995,0.141306,0.243094,10.097403,-3.145038,-1.145038,1.312977
29140995,0.137714,0.228724,10.192006,-3.175573,-0.656489,1.557252
29190995,0.126936,0.204774,10.089020,-3.114504,0.534351,1.480916
29240995,0.244292,0.227527,10.153686,-3.389313,-0.030534,1.297710
29290995,0.065863,0.188009,10.148895,-3.511450,-1.984733,1.343511
29340995,0.171244,0.164059,10.145303,-2.931298,1.587786,0.961832
29390995,0.161664,0.234712,10.223142,-3.389313,-2.137405,1.312977
29440995,0.029938,0.178429,10.183623,-2.900763,0.152672,0.778626
29490995,0.252675,0.185614,10.192006,-3.206107,0.396947,-0.030534
29540995,-0.044308,0.267045,10.285412,-3.664122,-4.030534,1.145038
29590995,0.302970,0.285007,10.187216,-2.534351,4.992366,0.809160
29640995,0.240699,0.255070,10.102193,-3.419847,-5.083970,1.190840
29690995,-0.005988,0.192799,10.188414,-2.961832,2.335878,0.625954
29740995,0.294587,0.279020,10.285412,-3.206107,-0.717557,1.679389
29790995,0.020358,0.244292,10.294991,-3.236641,-1.740458,1.480916
29840995,0.154479,0.199984,10.215957,-3.114504,1.633588,0.992366
29890995,0.119751,0.197589,10.235116,-2.870229,-1.328244,1.557252
29941019,0.150886,0.298180,10.141710,-2.839695,0.198473,1.435115
29990995,0.073048,0.244292,10.171648,-3.358779,-0.091603,1.603053
30040995,0.156874,0.261057,10.223142,-3.175573,0.274809,1.343511
30090995,0.075443,0.255070,10.142908,-2.839695,-1.114504,2.274809
30140995,0.229922,0.167651,10.134525,-2.992366,1.480916,1.541985
30190995,0.107776,0.162861,10.168056,-3.419847,-2.427481,1.694656
30241019,-1.580713,0.069456,10.357263,-3.725191,43.068703,-6.198473
30290995,1.557960,0.282612,10.032737,-4.152672,50.641220,-15.832061
30340995,1.181942,0.119751,9.581276,-2.442748,-38.396946,-4.000000
30390995,-1.304088,0.391586,10.045910,-1.954198,-102.290077,14.488549
30440995,-1.525627,-0.033530,9.953702,-4.091603,41.816795,18.412214
30490995,1.444197,0.273032,10.417138,-3.480916,19.419847,14.931297
30540995,0.489782,-0.025148,10.078242,-4.549618,-29.068703,31.190840
30590995,-0.990341,0.560435,9.780063,-3.114504,34.778625,28.748091
30640995,2.081272,0.392783,9.873468,-2.015267,2.412214,5.053435
30690995,-0.404758,-0.107776,10.297387,-4.091603,-47.358780,2.992366
30740995,-0.483794,0.082628,10.013577,-3.358779,22.152672,-1.297710
30790995,1.336421,0.305365,10.164463,-4.916030,3.694656,0.946565
30840995,-0.246687,0.258662,10.241104,-2.625954,-24.335878,4.000000
30890995,0.016765,0.269440,10.306967,-2.839695,20.274809,0.274809
30940995,0.892145,0.197589,10.043515,-2.656489,-5.221374,2.549618
30990995,-0.507744,0.222737,10.180031,-3.633588,-3.664122,1.572519
31040995,0.322130,0.334105,10.158476,-1.893130,15.511451,0.687023
31090995,0.708926,0.153281,10.050700,-2.320611,-8.137404,2.183206
31140995,0.385598,0.352068,10.075848,-6.595420,-20.244274,3.022901
31190995,-0.056283,0.192799,10.253079,-4.916030,-21.312977,11.312977
31240995,-1.107697,0.498164,10.194401,-1.404580,27.679390,28.595419
31290995,1.056204,0.414338,11.294912,12.061069,111.068703,49.343510
31341019,2.302811,0.399968,11.742782,0.244275,48.213741,44.442749
31390995,1.046624,0.250280,11.937975,-12.244275,-100.625954,33.801525
31440995,-0.422721,-0.362845,11.446997,-21.923664,-66.534348,31.954199
31490995,-0.308958,0.019160,11.417059,-12.549619,13.694656,15.145039
31540995,0.471819,0.526904,10.861414,-14.778625,-2.396947,2.061069
31590995,0.108973,-0.079036,10.636282,-26.839695,-46.656490,-8.305344
31640995,-0.389191,-0.293390,9.999207,-15.358779,-48.000000,-6.213740
31690995,-0.520917,-0.429906,9.560919,8.519084,16.778625,-1.083969
31740995,-0.482596,0.275427,9.748927,16.702290,14.473283,-1.587786
31790995,0.653840,0.625100,9.285491,14.809160,-10.244275,-4.977099
31840995,-0.613125,0.154479,9.214838,16.946566,-39.389313,-12.977099
31890995,-0.790356,0.772394,9.542955,29.190840,-18.045801,0.824427
31940995,-0.949625,0.516127,8.960966,30.229008,50.595421,10.061069
31990995,-0.100591,0.520917,9.313034,19.664122,42.580154,13.923664
32040995,-1.434617,0.112566,9.188493,14.717557,13.618320,3.908397
32090995,-0.022753,0.876577,10.147698,-2.137405,24.396946,-3.709924
32140995,-1.551973,0.899330,9.388477,-17.343512,10.885496,-1.053435
32190995,-0.659828,0.511337,9.478291,-26.900763,-4.015267,-7.129771
32240995,0.450264,0.700543,9.793235,-30.564886,-4.549618,-9.221375
32290995,0.149689,0.471819,9.632769,-16.183207,2.335878,1.740458
32340995,0.045505,0.323328,10.175241,1.374046,9.511451,5.572519
32390995,0.308958,0.383203,9.928554,10.259542,10.595420,4.732824
32440995,0.567620,0.324525,9.890234,6.229008,5.847328,0.458015
32490995,0.241897,0.587977,10.091415,-1.618321,-6.274809,3.007634
32540995,0.196392,0.500559,10.063872,-0.732824,-6.900764,4.839694
32590995,0.289797,0.633483,10.006392,0.335878,7.358778,0.320611
32640995,0.312550,0.402363,10.212363,-2.442748,10.152672,-3.480916
32690995,0.316143,0.653840,10.129736,-6.229008,3.312977,-4.946565
32741019,0.352068,0.532892,10.211166,-10.473283,4.519084,-4.854962
32790995,0.371228,0.419128,10.214759,-11.480916,0.885496,-4.961832
32840995,0.390388,0.508942,9.910591,-8.488549,-0.656489,-3.450382
32890995,0.319735,0.467029,10.136921,-4.366412,-2.595420,-0.977099
32940995,0.379611,0.464634,10.170451,-2.381679,0.335878,0.244275
32990995,0.387993,0.425116,10.285412,-1.221374,-3.526718,-2.305344
33040995,0.371228,0.408351,10.304572,-1.374046,-1.862595,-2.122137
33090995,0.390388,0.516127,10.221944,-2.992366,0.534351,0.183206
33140995,0.314945,0.437091,10.111773,-1.557252,-4.625954,-0.381679
33190995,0.280217,0.467029,10.211166,-3.236641,-1.694656,0.015267
33240995,0.246687,0.373623,10.277029,-3.572519,4.015267,0.000000
33290995,0.398771,0.428709,10.223142,-3.022901,1.068702,-1.511450
33340995,0.414338,0.434696,10.177636,-3.725191,-0.442748,-0.641221
33390995,0.296982,0.404758,10.036330,-4.854962,0.106870,-0.625954
33440995,0.271835,0.496967,10.048305,-1.526718,2.091603,-0.442748
33490995,0.492177,0.465831,10.100995,-2.900763,3.282443,-0.335878
33540995,0.453856,0.523312,10.174044,-0.702290,1.038168,-0.717557
33590995,0.469424,0.439486,10.243499,-2.198473,0.106870,1.969466
33640995,0.401166,0.501757,10.150093,-2.809160,-0.335878,2.351145
33690995,0.423918,0.549657,10.166859,-3.236641,-1.236641,0.992366
33740995,0.410746,0.490979,10.213561,-4.702290,-0.229008,0.122137
33790995,0.367636,0.470621,10.105785,-3.694656,-2.519084,-0.977099
33841019,0.385598,0.520917,10.138118,-3.419847,-1.679389,-1.526718
33890995,0.415536,0.329315,10.147698,-4.274809,2.641221,-2.152672
33940995,0.498164,0.441881,10.123748,-1.862595,-2.167939,-0.106870
33990995,0.329315,0.433499,10.086625,-3.816794,-2.000000,-1.450382
34040995,0.362845,0.390388,10.044712,-2.442748,0.595420,0.763359
34090995,0.342488,0.484991,9.975257,0.000000,-3.282443,-2.854962
34140995,0.257465,0.524509,9.897419,0.030534,-0.442748,-2.198473
34190995,0.367636,0.547262,9.651929,1.343511,-0.290076,1.633588
34240995,0.395178,0.494572,9.666299,0.122137,-3.740458,3.496183
34290995,0.295785,0.523312,9.450747,-2.473282,-9.725191,2.366412
34340995,0.203577,0.415536,9.376502,-5.526718,-7.206107,1.068702
34390995,-0.092208,0.556842,9.351355,-2.748092,-2.778626,-2.732824
34440995,0.096998,0.694556,9.326206,0.702290,-1.267176,-6.045802
34490995,0.277822,0.457449,9.605227,0.641221,1.938931,-6.015267
34540995,0.323328,0.376018,9.837543,0.030534,4.030534,-4.458015
34590995,0.439486,0.534089,10.112970,-8.183207,7.419847,-5.786260
34640995,0.433499,0.398771,10.376423,-13.068703,11.480916,-9.847328
34690995,0.657433,0.396376,10.564431,-6.931298,20.564886,-5.007634
34740995,0.505349,0.726888,10.505754,-4.183206,23.312977,-6.717557
34790995,0.734074,0.616718,10.944042,-9.465649,23.587786,-9.190840
34840995,0.886157,0.324525,10.754836,-15.419847,22.198473,-11.190840
34890995,1.311273,0.335303,10.892550,-17.160305,17.175573,-13.511451
34940995,1.256188,0.064666,11.020683,-16.854961,7.603054,-2.320611
34990995,1.069376,0.160466,11.275752,-14.412213,-2.259542,8.702291
35040995,1.017883,-0.016765,11.857742,-12.335877,3.648855,4.000000
35090995,1.298101,-0.029938,12.704382,-7.969466,25.923664,-4.198473
35140995,1.387914,0.062271,12.706777,-9.984733,14.366412,-6.488550
35190995,1.762734,0.112566,11.946358,-3.419847,4.305344,0.045802
35241019,1.429827,-0.335303,11.611055,5.770992,6.854962,10.290076
35290995,1.682501,-0.007185,10.115365,18.961832,-51.694656,-1.129771
35340995,0.000000,0.475411,9.381292,26.412214,-94.656487,-2.580153
35390995,-0.256267,0.549657,8.734636,32.671757,-51.175571,7.969466
35440995,0.059875,0.896935,8.213719,31.877863,-23.832062,9.465649
35490995,0.184417,1.098117,8.358619,24.671755,-26.549618,2.916031
35540995,-0.003593,1.113684,8.541838,10.442748,-25.908398,0.854962
35590995,0.172441,0.858615,8.623268,-5.496183,-7.282443,6.259542
35640995,-0.104183,0.822689,8.472382,-16.335878,-7.587786,3.389313
35690995,-0.407153,0.811912,8.461604,-21.099237,-4.091603,-4.916030
35740995,-0.629890,0.523312,8.741821,-22.595419,20.244274,-11.221375
35790995,-0.178429,0.335303,9.126223,-19.358778,37.007633,-11.511451
35840995,0.373623,0.443079,9.638757,-17.435114,27.221375,-14.412213
35890995,0.384401,0.507744,9.796828,-8.763359,5.053435,-15.435115
35940995,0.237107,0.346080,9.862691,-9.038168,-5.328244,-4.946565
35990995,0.110171,0.368833,10.020762,-12.335877,8.106871,-3.465649
36040995,0.183219,0.159269,10.308165,-5.862596,31.862595,-3.770992
36090995,0.708926,0.320933,10.115365,2.167939,27.664122,-10.015267
36140995,0.675396,0.422721,10.217154,0.610687,37.022900,-14.122137
36190995,1.178350,0.226329,10.554852,-5.618320,42.671757,-15.923664
36240995,1.295706,0.034728,10.645863,-9.343512,22.885496,-10.916031
36290995,1.383124,0.425116,10.533297,-17.740458,-5.267176,-2.946565
36341019,1.119672,0.379611,10.269844,-17.465649,-12.320611,1.984733
36390995,1.082549,0.292192,10.397978,-14.534351,-8.885496,4.122138
36440995,1.204695,0.114961,10.650652,-9.160305,-16.183207,-0.381679
36490995,1.070574,0.007185,11.605067,-3.267176,-17.786259,0.992366
36540995,0.765209,-0.120948,13.014537,-9.190840,12.229008,5.648855
36590995,0.676593,-0.292192,14.753321,-22.809160,41.068703,4.473282
36641019,0.893342,0.059875,15.082636,-27.938931,-6.931298,-12.091603
36690995,0.966390,0.302970,13.613292,-31.603054,-38.412212,-21.267176
36740995,0.925675,-0.524509,10.366842,-1.099237,-11.526717,-10.564885
36790995,1.519640,0.136516,8.081994,31.083969,-59.832062,-1.709924
36840995,0.498164,0.835862,7.237749,50.503819,-132.885498,-2.167939
36890995,-0.192799,0.338895,7.361093,39.297710,-89.251907,0.549618
36940995,-0.701741,-0.062271,7.804172,33.160305,-8.687023,16.564886
36990995,0.021555,0.433499,7.735913,30.076336,3.755725,25.511450
37040995,-0.267045,0.853824,7.854467,12.946565,-22.183207,13.587787
37090995,-1.043031,0.789159,8.017328,-0.030534,-4.656488,1.755725
37140995,-0.948428,0.805924,8.243657,-2.595420,30.213741,-7.511450
37190995,-0.393981,0.810714,8.931028,-7.114504,48.534351,-11.526717
37240995,-0.026345,0.646655,9.481883,-20.549618,35.480915,-8.473283
37290995,0.142504,0.564027,9.959689,-30.320610,29.541985,-7.969466
37340995,0.280217,0.261057,10.157278,-27.480917,37.618320,-9.190840
37390995,0.221539,0.389191,10.475816,-18.381680,25.099237,-11.038168
37440995,0.486189,0.259860,10.123748,-12.030535,23.679390,-6.519084
37490995,0.499362,0.262255,10.267449,-5.221374,22.564886,-0.732824
37540995,0.628693,0.125739,10.168056,2.473282,17.801527,5.557252
37590995,0.754431,0.293390,10.278227,-0.580153,12.015267,10.366412
37640995,0.882565,0.300575,10.165661,-1.923664,1.190840,6.381680
37690995,0.995131,0.257465,9.976455,1.068702,-9.389313,-3.221374
37741019,0.634680,0.398771,10.090218,1.282443,-18.916031,-12.488549
37790995,0.525707,0.016765,10.787169,0.488550,21.312977,-11.496183
37840995,1.283731,0.304167,11.832595,-9.007633,38.396946,-9.709924
37890995,1.478925,0.189207,12.834910,-22.198473,4.854962,-11.572519
37940995,0.748444,0.083826,13.075610,-18.045801,-27.404581,-13.587787
37990995,-0.015568,0.975971,14.887442,16.458015,-18.274809,-6.213740
38040995,0.280217,0.270637,15.647861,38.778625,3.526718,5.679389
38090995,1.874103,0.678988,15.140117,36.091602,-54.015266,3.832061
38140995,0.856220,0.941243,11.423046,19.633587,-101.267174,-2.381679
38190995,0.453856,0.488584,8.196955,9.374045,-128.564880,2.015267
38240995,-0.608335,0.663420,7.021000,18.229008,-86.900764,0.335878
38290995,-1.208287,1.009501,7.140751,4.916030,-31.374046,5.618320
38340995,-0.702938,0.914898,6.234236,9.282443,1.328244,14.183207
38390995,-0.608335,0.628693,6.786288,19.297710,-29.511450,12.595420
38440995,-1.304088,0.857417,7.526349,17.312977,-9.984733,18.992367
38490995,-1.405877,1.178350,8.243657,9.221375,25.389313,16.961832
38540995,-1.002316,0.949625,8.837623,-0.885496,43.358780,13.267176
38590995,-0.958008,0.996328,9.485476,-9.862596,36.763359,-1.541985
38640995,-0.489782,1.174757,10.065070,-20.916031,52.519085,-14.900764
38690995,0.073048,1.138832,9.996812,-26.015266,54.946564,-24.870230
38740995,-0.105381,0.765209,10.074650,-27.480917,50.580154,-23.664122
38790995,-0.074246,0.744851,10.225536,-28.030535,28.030535,-5.557252
38840995,0.110171,0.845442,10.272240,-27.908398,31.038168,3.984733
38890995,0.437091,0.683778,10.154883,-14.198473,28.641222,7.954198
38940995,0.517324,0.535287,10.447076,-9.832061,20.992367,7.419847
38990995,0.878972,0.471819,10.608740,-1.923664,18.137405,1.145038
39040995,0.586780,0.473016,10.881772,4.854962,26.656488,-0.778626
39090995,0.752036,0.686173,10.465038,13.923664,7.786260,-4.366412
39141019,0.658630,0.681383,10.237512,12.824428,-9.832061,-0.244275
39190995,0.554447,0.688568,10.135723,6.351145,-12.961832,14.015267
39240995,0.336500,1.045426,10.138118,-1.160305,-11.908397,18.000000
39290995,0.328118,0.889750,9.887838,-5.465649,-4.305344,9.648855
39340995,0.492177,0.973575,9.879456,-2.076336,5.908397,0.870229
39390995,0.573607,0.639470,10.346485,-2.045802,27.954199,5.099236
39440995,0.880170,0.825084,10.363250,-6.106870,26.030535,10.030535
39490995,1.028661,0.675396,10.377620,-9.770992,3.832061,5.129771
39540995,0.725691,0.657433,10.699750,-11.725191,3.633588,6.106870
39590995,0.868195,0.750839,11.375146,-17.648855,5.358778,7.297710
39640995,1.025068,0.366438,12.912748,-32.244274,17.099237,8.213740
39690995,0.452659,0.073048,14.346168,-41.251907,2.992366,7.709924
39740995,0.402363,1.113684,14.009667,0.854962,-9.190840,-3.755725
39790995,1.799857,0.501757,15.718513,4.519084,-53.068703,-19.328245
39840995,2.720742,0.221539,12.383449,2.625954,-126.580154,-27.877863
39890995,0.076641,0.035925,8.555010,-2.931298,-166.335876,-6.885496
39940995,-1.401086,0.296982,6.565946,13.374045,-55.511452,7.206107
39990995,-0.579595,0.674198,5.635481,13.343512,8.870229,-0.580153
40040995,-0.730481,0.385598,6.624624,26.229008,-13.786260,-6.839694
40090995,-1.196312,0.683778,7.496411,32.824429,-36.625954,-10.427481
40140995,-1.021476,0.930465,7.660470,33.190838,-29.740458,-6.412214
40190995,-0.980761,1.220263,7.826924,20.763359,-4.335878,1.694656
40241019,-1.355581,1.415457,8.128696,5.862596,11.725191,-0.488550
40290995,-1.335223,1.286126,8.538245,-9.404580,43.618320,-3.022901
40340995,-0.682581,1.404679,9.032817,-18.534351,55.465649,-9.221375
40390995,-0.047900,1.113684,9.539363,-34.687023,64.992363,-14.595420
40440995,0.213157,0.676593,9.974059,-46.442749,70.244278,-9.801527
40490995,0.550855,0.425116,10.244697,-43.877861,53.862595,-6.595420
40540995,0.443079,0.176034,10.468631,-33.374046,37.603054,-4.824428
40590995,0.692161,-0.049098,10.463840,-21.160305,23.648855,-3.801527
40640995,0.935255,-0.134121,10.721306,-9.923664,8.900764,1.022901
40690995,0.966390,0.039518,9.553733,5.343512,-15.786260,3.572519
40740995,0.479004,0.158071,10.329720,5.923664,-15.114504,6.183206
40790995,0.415536,0.091011,10.208771,10.900764,-5.068702,-1.572519
40840995,0.746049,0.616718,10.332115,6.564886,12.183207,-0.015267
40890995,0.061073,0.626298,10.569221,-9.862596,15.374045,0.824427
40940995,0.302970,0.584385,10.395583,-22.717558,34.854961,-0.213740
40990995,0.668211,0.441881,10.706935,-27.053434,27.374046,-2.610687
41040995,0.883762,0.306563,10.775193,-33.770992,-3.190840,-0.106870
41090995,0.378413,0.285007,10.844649,-29.893129,-18.870230,-4.061069
41140995,0.246687,0.590372,10.799144,-22.290077,-0.763359,-12.656488
41190995,0.026345,0.565225,11.033855,-17.465649,0.167939,-24.656488
41240995,0.547262,0.811912,10.869797,-2.167939,10.916031,-23.786259
41290995,0.865800,0.455054,10.055490,10.564885,14.137404,-3.725191
41340995,0.773591,0.553250,10.568024,8.091603,-4.977099,7.694656
41390995,0.840652,0.177231,10.442286,6.229008,-17.847328,8.335877
41440995,0.701741,0.196392,10.111773,0.732824,-15.618320,12.671756
41490995,0.717308,0.174836,9.683064,-10.076336,-22.870230,15.282443
41540995,0.506547,0.111368,9.638757,-15.541985,-22.427481,15.160305
41590995,0.444276,0.019160,10.172846,-12.274809,-4.839694,22.167938
41641019,0.771196,-0.202379,9.856704,-15.572519,6.183206,30.900763
41690995,0.877775,-0.136516,9.918974,-13.709924,2.198473,26.549618
41740995,0.621508,-0.453856,10.118958,-9.648855,1.832061,17.511450
41790995,0.736469,-0.358055,9.968072,-4.335878,0.824427,19.557251
41840995,0.411943,-0.352068,10.415940,-1.709924,-7.862596,28.625954
41890995,0.192799,-0.511337,9.969269,2.045802,-23.404581,35.129772
41940995,-0.371228,-0.371228,10.263857,5.465649,-11.557252,36.916031
41990995,-0.323328,-0.343685,10.506951,13.893129,7.801527,19.083969
42040995,-0.076641,-0.111368,10.435101,22.106871,2.381679,-0.091603
42090995,0.128134,-0.111368,10.297387,23.755726,-13.572519,-12.137404
42140995,-0.180824,-0.049098,10.235116,19.786259,-33.465649,-13.786260
42190995,-0.085023,0.302970,9.593251,9.496183,2.687023,-0.122137
42240995,-0.334105,0.828677,10.463840,-6.717557,18.900763,4.519084
42290995,-0.277822,0.207169,12.451707,-21.801527,51.893131,-4.580153
42340995,0.621508,0.069456,13.527071,-18.717558,59.419846,1.038168
42390995,0.787961,0.274230,14.780864,8.641221,-42.030533,-19.267176
42440995,-0.160466,0.293390,14.294675,27.603054,-93.358780,-25.633587
42490995,-1.334026,0.765209,13.597724,22.198473,-11.022901,0.732824
42540995,-0.826282,1.283731,13.408518,24.061069,53.358780,12.839695
42590995,0.984353,0.779579,11.613450,30.351145,-19.480917,-3.664122
42640995,0.773591,0.257465,11.529625,48.732826,-51.236641,9.297709
42690995,1.162782,1.111289,10.629097,61.099236,-55.389313,12.030535
42741019,0.700543,2.008224,9.625584,61.068703,-99.511452,13.679389
42790995,-1.809437,1.920806,8.113129,44.793892,-100.213737,45.938931
42840995,-0.475411,1.529220,7.079678,14.870229,-85.312981,63.236641
42890995,-0.609532,1.664539,6.061795,-5.801527,-21.099237,57.190838
42940995,-0.340093,0.724493,6.104905,-18.625954,-2.839695,40.244274
42990995,-1.217867,0.917293,6.518046,-2.839695,-38.732826,17.083969
43041019,-1.631008,0.574805,5.210365,12.274809,-50.778625,29.587786
43090995,-2.457290,1.165177,6.803053,11.236641,-10.351145,36.106869
43140995,-2.349514,1.819017,6.867719,5.251908,-0.473282,36.870228
43190995,-3.082390,1.898053,7.731123,1.954198,16.167938,1.816794
43240995,-2.802173,1.902843,8.431666,-4.152672,60.549618,-19.251909
43290995,-1.610651,1.645378,8.913066,-16.763359,75.832062,-27.755726
43340995,-1.587898,1.254990,9.450747,-29.496183,66.793892,-18.885496
43390995,-0.807122,1.203497,9.950109,-47.328243,55.618320,-11.022901
43440995,-0.192799,1.132844,9.872271,-64.977097,31.648855,-6.671756
43490995,-0.617915,0.420326,10.318942,-66.503815,25.908398,-13.786260
43540995,-0.086221,0.461041,10.603950,-57.709923,32.549618,-18.488550
43590995,-0.031135,-0.366438,12.009826,-47.572517,26.809160,-20.885496
43640995,0.385598,-0.126936,10.051897,-26.137405,14.473283,-14.045801
43690995,-0.040715,-0.080233,10.582395,-9.618320,9.145039,0.015267
43740995,-0.141306,-0.003593,10.115365,9.038168,-11.007633,-4.198473
43790995,-0.234712,0.401166,9.594449,13.618320,-0.183206,0.519084
43840995,-0.738864,0.068258,9.805210,8.335877,17.709923,-0.305344
43890995,-0.934058,0.338895,10.335708,5.282443,22.549618,5.083970
43940995,-0.122146,0.687371,10.546469,-10.320611,26.274809,10.045801
43990995,0.326920,0.684976,10.524914,-4.183206,20.030535,-5.832061
44040995,-0.050295,0.568817,10.285412,-5.221374,-3.374046,5.862596
44090995,-0.453856,0.402363,10.730886,-10.473283,15.755725,5.358778
44141019,0.302970,0.901725,10.929672,-19.114504,31.435114,3.221374
44190995,0.553250,0.480201,10.893746,-20.763359,15.022901,-0.992366
44240995,0.118553,0.269440,10.462644,-21.190840,-16.229008,-5.862596
44290995,-0.387993,0.408351,10.763218,-13.404580,6.137404,-21.068703
44340995,0.426313,0.119751,10.594369,-9.496183,42.580154,-18.106871
44390995,0.467029,0.256267,10.601555,-11.389313,12.335877,-4.381680
44440995,0.558040,0.195194,10.469829,-12.885496,2.045802,1.572519
44490995,0.422721,-0.046703,10.829082,-8.916031,3.236641,6.595420
44540995,0.378413,0.005988,10.599159,-2.229008,7.648855,2.351145
44590995,0.684976,0.113763,10.433903,6.900764,7.755725,-4.488550
44640995,0.407153,0.307760,10.230327,6.961832,-2.381679,0.167939
44690995,-0.519719,0.328118,11.312875,3.694656,8.824428,3.984733
44740995,-0.229922,0.281415,13.196558,-1.038168,47.236641,4.732824
44790995,1.699266,-0.566422,15.852635,7.114504,54.335876,-10.106871
44840995,1.911226,-0.366438,17.072897,27.358778,-61.465649,-11.129771
44890995,-0.343685,0.720901,16.954344,45.221375,-162.259537,-16.610687
44940995,-0.437091,0.520917,16.383131,79.022903,-123.862595,-27.786259
44990995,-1.223855,1.325643,15.429914,78.076332,-68.717560,-17.114504
45040995,1.040636,1.355581,12.693604,85.374046,-76.961830,-8.534351
45090995,2.335144,1.396297,8.170609,101.374046,-172.366409,15.679389
45140995,0.646655,-0.314945,5.715714,94.809158,-231.862595,54.091602
45190995,0.215552,1.544788,3.409310,89.557251,-193.343506,58.061069
45240995,-1.632206,0.967588,2.311194,58.809162,-103.740456,83.511452
45290995,-2.612967,1.561553,3.184179,8.030535,-79.129768,75.038170
45340995,-3.744613,2.153123,3.099155,-36.213741,-10.519084,60.580154
45390995,-4.434379,2.131567,4.215235,-51.083969,30.396946,28.229008
45440995,-4.078719,2.242936,5.451065,-48.305344,61.083969,-16.167938
45490995,-3.513494,2.980602,4.944518,-11.083969,69.755722,-28.473282
45541019,-3.058440,1.795067,6.946754,-1.526718,58.122139,-30.549618
45590995,-2.721940,1.750759,7.533534,-4.335878,49.206108,-12.351145
45640995,-1.353186,1.828598,7.586225,8.427481,36.030533,5.709924
45690995,-2.921924,1.507665,7.880812,7.450382,-1.236641,3.190840
45740995,-1.543590,2.186653,6.496491,17.465649,-2.015267,-6.748092
45790995,-2.567461,1.252595,6.648574,-12.824428,25.419847,2.213740
45840995,-3.047662,1.949546,9.344169,-24.610687,56.519085,-17.221375
45890995,1.408272,1.247805,8.019723,-5.007634,15.236641,-44.870228
45940995,-2.398612,1.391506,10.066268,-8.213740,-22.549618,-53.618320
45990995,-3.725453,2.700385,10.074650,-26.137405,73.496185,-19.618320
46040995,-3.677553,2.693200,11.912827,-47.694656,161.984726,-5.236641
46090995,-2.787803,1.969904,13.304334,-65.557251,120.992363,-12.961832
46140995,-2.034569,1.804647,15.039526,-62.381680,142.000000,-35.236641
46190995,-1.817820,1.433419,16.983084,-38.137405,166.015274,-38.442749
46240995,-0.847837,2.887196,17.411793,-8.152672,95.893127,-50.916031
46290995,-1.489702,4.303850,16.980690,18.564886,-51.725189,-29.160305
46340995,-3.167413,4.018843,16.226257,23.114504,-131.603058,9.984733
46390995,-2.741100,2.533931,15.643071,17.832062,-112.549622,28.656488
46440995,-2.854863,2.199826,15.740069,47.969467,-95.465652,26.213741
46490995,-1.945953,2.326761,16.561562,49.007633,-100.335876,-8.595420
46540995,3.375780,1.803450,10.324929,27.511450,-174.183212,-4.137404
46590995,1.288521,0.239502,9.131012,-22.442749,-195.969467,28.488550
46641019,-2.838098,0.975971,4.901408,31.267176,-239.419846,18.259542
46690995,-1.272953,1.468147,4.946913,88.244278,-98.641220,2.580153
46740995,0.450264,0.437091,2.791395,94.351143,-94.213737,4.839694
46790995,-1.811832,1.281335,2.719545,68.854965,-61.572517,49.770992
46840995,-2.490820,2.047742,2.247726,44.000000,-46.259541,76.106873
46890995,-3.332670,2.338737,1.446592,6.625954,-26.091602,74.625954
46940995,-4.496649,2.053729,1.066981,-23.572519,-12.549619,52.061069
46990995,-4.397256,1.645378,1.759142,-34.351147,49.709923,-16.000000
47040995,-1.805845,1.265768,2.584226,-37.435116,164.625961,-29.358778
47090995,-0.564027,1.179547,3.895499,-44.732826,111.740456,-31.114504
47140995,-1.712439,1.253793,5.942044,-58.076336,96.183205,-19.328245
47190995,-0.682581,1.386716,8.030500,-67.603050,154.244278,-8.061069
47240995,-1.260978,1.365161,11.062595,-69.679390,184.977097,-7.908397
47290995,-1.476530,1.683699,13.698315,-41.709923,152.763351,8.076336
47340995,-2.790198,1.617836,14.392871,-44.854961,137.038162,16.809160
47390995,-1.953138,1.968706,15.781981,-46.595421,210.549622,24.778625
47440995,-1.926793,1.972299,16.440613,-66.595421,114.885498,-10.946565
47490995,-1.961521,1.750759,18.320704,-71.694656,106.244278,-9.587787
47540995,-1.544788,1.925596,18.132694,-58.381680,37.908398,-7.954198
47590995,-1.933978,1.258583,18.514700,-22.137405,-80.381676,1.847328
47640995,-1.366359,0.712518,18.955383,27.816793,-106.290077,-20.931297
47690995,-2.751878,0.391586,17.743504,74.076332,-202.137405,-58.458015
47740995,-0.425116,0.179626,16.162790,104.396950,-158.748093,-40.488548
47790995,-1.159189,1.899251,14.192886,78.076332,-128.274811,25.328245
47840995,0.591570,1.583108,10.594369,66.167938,-195.190842,39.419846
47890995,-0.299377,0.834664,8.274793,60.213741,-117.267174,61.816795
47940995,2.053729,-0.481399,5.395979,68.183205,-165.664124,63.389313
47990995,-0.455054,0.918490,2.480043,99.786263,-180.305344,71.648857
48041019,-1.166375,0.516127,0.911305,106.961830,-188.931305,66.549622
48090995,-3.633245,1.561553,0.633483,89.404579,-98.000000,74.549622
48140995,-3.811674,1.848955,1.082549,64.061066,-11.618320,67.786263
48190995,-4.906198,2.137555,2.051334,32.824429,3.541985,41.404579
48240995,-5.319339,1.801055,1.124462,15.541985,30.534351,1.206107
48290995,-4.302653,1.593886,2.703977,-2.259542,103.160309,-25.114504
48340995,-3.780539,2.084865,3.806884,-44.061069,139.175568,-51.083969
48390995,-2.657274,2.305206,4.484674,-68.030533,176.961838,-59.022900
48440995,-2.251318,1.501677,6.350395,-94.015266,161.572525,-57.267174
48490995,-1.391506,1.129252,7.558682,-103.053436,180.000000,-46.183205
48540995,-1.743574,1.432222,10.265054,-118.931297,224.549622,-46.045803
48590995,0.164059,1.495690,13.688735,-139.908401,225.389313,-57.648853
48640995,2.212998,0.882565,15.702947,-132.396942,179.007629,-31.206106
48690995,0.750839,0.237107,16.375946,-98.870232,71.282440,-14.427481
48740995,-1.699266,-0.219144,16.460970,-57.312977,89.419846,-6.977099
48790995,-0.256267,0.566422,14.257552,-14.748092,122.748093,-1.847328
48840995,-0.639470,1.201102,13.340260,-16.580153,57.633587,12.900764
48890995,-2.327959,1.259780,14.643150,-29.679390,53.343510,10.091603
48940995,-0.581990,0.665815,16.314875,-31.083969,24.213741,-14.137404
48990995,1.592688,-0.668211,18.656006,-2.198473,-48.229008,-40.931297
49040995,0.815504,-1.954336,18.714684,51.145039,-153.419846,-53.664124
49090995,2.151925,-0.483794,16.761545,135.389313,-207.969467,-63.923664
49141019,-0.549657,0.681383,13.140275,178.992371,-254.473282,-63.801525
49190995,-2.684817,2.527943,12.190650,143.145035,-211.022903,-6.625954
49240995,-0.293390,2.348317,10.021959,75.786263,-122.992363,51.664124
49290995,1.329236,1.668131,6.690487,49.557251,-141.923660,96.748093
49340995,0.558040,1.729204,3.826044,54.106869,-224.488556,67.587784
49390995,-0.835862,1.310076,1.611848,42.778625,-170.656494,44.381680
49441019,-2.172283,2.186653,1.851350,8.671756,-40.717556,63.496181
49490995,-2.967429,0.955613,2.269281,-4.000000,45.694656,59.297710
49540995,-3.066823,1.559158,2.205813,-2.778626,31.038168,25.022902
49590995,-4.555327,1.775907,2.405797,-7.511450,7.526718,-29.038168
49640995,-5.006789,1.872905,2.555486,4.549618,57.908398,-49.740459
49690995,-3.148253,2.270479,3.296745,-11.633588,129.526718,-42.763359
49740995,-1.941163,1.262175,5.072651,-32.396946,185.801529,-24.152672
49790995,-0.789159,1.456172,6.650970,-49.282444,150.442749,-38.229008
49840995,-1.179547,1.666934,9.166938,-47.175571,116.045799,-57.114502
49890995,-2.074087,1.447789,11.120076,-78.473282,153.022903,-32.641220
49940995,-1.619033,2.185455,12.553495,-101.190842,159.374039,-32.580154
49990995,-0.683778,1.841770,13.706697,-113.007637,135.267181,-53.480915
50040995,-0.359253,0.941243,14.760506,-104.366409,90.229004,-58.015266
50090995,0.832269,0.261057,15.094611,-74.412216,64.305344,-44.076336
50140995,0.714913,0.391586,14.572497,-47.175571,76.473282,-16.305344
50190995,1.011896,0.002395,13.900694,-15.938931,22.076336,-3.511450
50240995,-0.091011,0.153281,12.446917,12.366412,-55.358780,-4.366412
50290995,0.008383,0.682581,11.678116,21.801527,-2.946565,-3.893130
50340995,0.423918,0.639470,10.849439,19.480917,-11.267176,-14.824428
50390995,1.302891,1.156794,10.060280,12.427481,-32.809162,-20.030535
50440995,2.113605,1.783092,9.845925,-1.954198,-37.480915,-23.694656
50490995,4.743336,2.957849,9.577683,5.557252,-51.587788,-21.694656
50541019,5.552853,4.530180,9.662706,15.755725,-73.648857,-19.389313
50590995,5.868996,2.949467,9.912986,-0.671756,13.404580,64.488548
50640995,5.340894,1.057401,9.918974,-8.824428,29.541985,163.114502
50690995,2.592609,-0.550855,10.208771,13.282443,-9.541985,252.534348
50740995,-0.112566,-1.968706,10.684182,56.183205,51.709923,303.969452
50790995,-0.447869,-2.284849,10.067465,81.099236,144.946564,278.335876
50840995,-1.726809,-2.054927,11.063793,62.564884,159.374039,243.938934
50890995,-1.069376,-1.393901,11.129656,9.893129,86.610687,210.961838
50940995,-2.733915,-2.974614,11.554772,-26.839695,23.541985,146.854965
50990995,-3.575764,-1.519640,11.702065,-50.961834,-72.748093,110.992363
51040995,-2.335144,-0.902922,9.740545,-65.862595,-46.412212,52.854961
51090995,-3.143463,-1.022673,9.211246,-41.679390,-21.282442,14.396947
51140995,-2.889591,-0.255070,10.211166,-12.610687,6.625954,-33.022900
51190995,-2.076482,-0.411943,10.733280,-10.503817,-10.000000,-56.809162
51240995,-1.283731,-0.135319,10.654244,-10.442748,-35.312977,-90.122139
51290995,-1.094524,-0.461041,10.450668,-11.419847,-54.213741,-112.167938
51340995,-0.693358,0.220342,10.018367,-14.656488,-57.633587,-131.893127
51390995,-0.331710,0.477806,10.225536,-28.916031,-24.564886,-156.152664
51440995,-0.322130,-0.188009,10.833871,-31.694656,11.480916,-154.977097
51490995,-0.720901,-0.347278,11.346406,-14.076336,10.748092,-158.916031
51540995,-1.973496,-1.433419,11.558365,2.015267,-16.045801,-183.572525
51590995,-1.140029,-1.346001,11.696078,13.129771,-31.832062,-188.580154
51640995,0.662223,-0.386796,10.762021,19.297710,-33.297710,-182.519089
51690995,1.844165,0.817899,9.972861,19.267176,-48.351147,-150.839691
51740995,2.244133,1.017883,9.233998,11.908397,-46.564884,-116.625954
51790995,3.065625,1.463357,9.509425,9.709924,-13.969465,-112.488548
51840995,3.948190,2.107617,9.352551,7.053435,-2.488550,-109.893127
51890995,4.737349,2.736310,9.541759,8.305344,-20.977098,-100.320610
51941019,4.914580,3.703898,9.138197,12.244275,-27.312977,-85.435112
51990995,5.573211,2.753075,9.146580,10.351145,53.022900,-21.587786
52040995,7.333550,2.963837,8.952583,-3.572519,29.664122,73.618324
52090995,7.646100,1.475332,9.808803,-14.870229,29.770992,154.045807
52140995,4.433181,-0.020358,9.999207,-25.770992,102.824425,223.221375
52190995,1.590293,-1.086141,10.736873,-26.656488,131.221375,291.984741
52240995,-0.564027,-2.039359,11.716436,14.687023,134.076340,308.503815
52290995,-1.979484,-2.033372,12.294833,10.320611,125.679390,298.061066
52340995,-2.003434,-2.156715,12.093652,-9.465649,94.702293,287.923676
52390995,-3.744613,-1.605861,11.794274,-40.549618,11.618320,205.969467
52440995,-3.775748,-1.875300,10.908117,-42.839695,-3.374046,133.954193
52490995,-5.417534,-1.775907,11.091336,-33.160305,-19.725191,37.969467
52540995,-4.982838,-0.977168,11.075768,-3.511450,-14.488549,-30.061069
52590995,-4.363726,-0.172441,11.473342,11.083969,-32.702290,-88.992363
52640995,-5.004394,-0.579595,12.264895,10.748092,-84.198471,-159.496185
52690995,-4.670288,-1.863325,12.153527,9.709924,-130.854965,-222.274811
52740995,-3.376978,-2.577041,11.570340,-9.374045,-159.053436,-266.213745
52790995,0.341290,-2.841691,11.279345,1.374046,-101.236641,-247.297714
52840995,3.399730,-1.498085,10.673405,1.465649,-98.778625,-236.274811
52890995,4.363726,-0.981958,9.505833,-1.954198,-92.229004,-225.709930
52940995,5.568420,0.239502,9.752520,-15.114504,-30.274809,-197.206100
52990995,4.855902,2.183060,9.796828,-16.213741,-8.183207,-179.083969
53041019,5.005591,2.474055,9.256751,8.091603,0.229008,-158.549622
53090995,3.448828,2.735112,9.128617,17.496183,1.450382,-129.251907
53140995,2.545906,2.618954,9.289083,25.465649,9.312977,-70.809158
53190995,2.215393,3.386558,9.291479,21.618320,9.251908,-0.198473
53240995,0.887355,2.834506,9.738150,8.213740,20.137405,42.824429
53290995,0.644260,2.614164,9.798025,-6.534351,47.572517,76.213737
53340995,0.558040,1.611848,10.344090,-26.045801,59.312977,95.557251
53390995,-0.023950,1.102907,11.173965,-33.679390,66.045799,116.961830
53440995,-1.288521,1.695674,10.620714,-31.664122,36.946564,150.061066
53490995,-4.746929,2.778223,10.459051,-31.297710,-20.381680,150.839691
53540995,-6.179151,2.314786,10.772799,-26.137405,-11.297709,118.687019
53590995,-7.890392,1.223855,11.235037,-30.320610,-1.832061,57.190838
53640995,-5.130132,0.694556,11.207495,-37.374046,-11.038168,2.198473
53690995,-1.598676,0.468226,11.533217,-47.633587,-37.893131,-42.076336
53740995,-0.459844,0.305365,10.667418,-40.274811,-122.335876,-33.358780
53790995,-0.116158,0.520917,10.180031,-4.183206,-125.297707,-26.961832
53840995,1.369951,0.399968,10.249487,5.435114,-58.885498,-16.244274
53890995,3.127896,1.329236,8.853190,1.496183,-37.328243,-4.625954
53940995,2.695595,1.493295,8.367002,-5.160306,-27.175573,-10.030535
53990995,3.650010,1.939966,9.323812,-35.267174,22.458015,-57.908398
54040995,6.188731,1.086141,9.566906,-59.114502,77.389313,-34.473282
54090995,6.658154,2.217788,11.020683,-81.007637,-30.824427,-31.770992
54140995,7.125184,0.548459,11.402688,-61.099236,41.633587,-46.274811
54190995,6.276149,-1.223855,12.234958,-27.419847,126.610687,-6.091603
54240995,-2.130370,0.846639,10.721306,14.870229,99.358780,40.610687
54290995,-5.362449,-0.920885,10.484199,39.908398,54.916031,49.511452
54340995,-7.255712,0.875380,11.079361,35.511452,19.526718,91.832062
54390995,-6.805448,0.547262,10.099798,-5.648855,22.839695,121.053436
54441019,-5.786367,0.443079,10.341695,-41.007633,54.320610,139.709930
54490995,-2.175875,-0.404758,10.838661,-21.099237,24.412214,70.122139
54540995,-2.833308,-0.850232,11.433824,11.603053,12.351145,18.015266
54590995,-1.150807,-0.034728,11.211087,29.404581,2.137405,10.503817
54640995,-0.838257,0.246687,10.711725,23.419847,-15.740458,14.625955
54690995,-0.518522,0.293390,10.388397,15.816793,1.786260,17.175573
54740995,-0.075443,0.308958,10.468631,11.358779,0.045802,5.267176
54790995,0.246687,0.670605,10.159674,5.923664,-6.549618,-11.435115
54840995,0.004790,0.253872,10.086625,5.832061,2.961832,18.290077
54890995,0.668211,0.334105,9.902208,16.427481,-7.770992,41.893131
54940995,0.370031,-0.759221,10.156081,25.160305,-52.320610,61.236641
54990995,-0.253872,-2.702780,10.612332,34.045803,-72.641220,70.900764
55040995,-0.463436,-4.184099,10.833871,38.015266,-69.862595,76.473282
55090995,-1.155597,-2.895579,10.702146,29.312977,-97.419846,41.267174
55140995,-0.676593,-2.151925,10.435101,3.358779,-132.671753,-25.267176
55190995,-0.864602,0.039518,10.756033,-20.061069,-134.442749,-100.916031
55240995,0.277822,0.676593,10.254276,-73.954201,-113.175575,-122.854965
55290995,-0.489782,3.107538,10.506951,-115.297707,-51.770992,-155.526718
55340995,0.367636,3.263214,10.277029,-122.625954,18.045801,-162.580154
55390995,0.296982,4.940926,10.192006,-107.847328,-20.625954,-184.290070
55440995,-1.577120,6.278544,9.869876,-81.954201,-49.206108,-211.587784
55490995,-2.187850,7.186256,8.678353,-51.328243,-2.045802,-156.412216
55541019,-2.997367,7.147936,8.944201,-52.091602,26.320610,-102.961830
55590995,-1.653761,7.401808,8.590936,-37.832062,50.900764,-32.580154
55640995,-1.222658,7.034173,8.904683,-23.328245,44.580154,31.038168
55690995,-2.139950,6.465355,9.340576,16.549618,76.259544,74.106873
55740995,-0.250280,4.336183,9.581276,40.122139,39.679390,133.083969
55790995,1.068179,0.634680,12.758269,36.000000,67.816795,145.847336
55841019,1.081351,-2.319577,13.151052,50.442749,171.633591,208.870224
55890995,1.823807,-5.892946,12.922328,34.259541,98.671753,241.893127
55940995,0.597557,-5.639074,12.221786,29.557251,-1.175573,248.061066
55990995,-0.223934,-4.333788,10.801538,42.931297,-93.938934,218.931305
56040995,-0.852627,-2.902764,9.532178,50.992367,-57.587788,136.442749
56090995,-2.039359,-1.914818,9.047187,44.946564,-41.328243,26.152672
56140995,-2.668052,0.592767,8.968151,18.900763,-12.427481,-31.374046
56190995,-1.933978,1.386716,9.008866,-17.099237,18.595419,-41.664124
56240995,-1.413062,2.726730,9.072334,-35.633587,23.251909,-65.786263
56290995,-0.963995,4.242777,9.498648,-40.000000,28.259542,-92.793892
56340995,-0.692161,5.469028,10.405163,-43.175571,55.328243,-101.664124
56390995,0.198787,5.792355,11.250605,-34.534351,59.862595,-68.763359
56440995,0.135319,5.190008,11.675721,-42.259541,-13.404580,-65.541985
56490995,-0.849034,3.093168,11.413466,-33.679390,-13.694656,-42.763359
56540995,-0.261057,1.047821,10.837463,-25.618320,30.656488,29.083969
56590995,0.802332,-2.773433,10.600357,1.007634,-24.977098,91.068703
56640995,-0.399968,-3.342250,10.738070,37.404579,-64.763359,140.610687
56690995,-0.070653,-3.884722,9.386082,61.435116,-5.175572,116.778625
56740995,-0.547262,-3.567382,8.753797,76.488548,24.137405,110.152672
56790995,-0.021555,-3.954177,9.905801,65.160309,10.076336,96.320610
56840995,-1.137634,-4.100274,9.237591,36.793892,-11.007633,78.396950
56890995,-1.322051,-5.281018,9.510623,16.458015,18.702290,45.419846
56941019,-0.150886,-4.630771,9.629176,5.404580,9.358779,-2.229008
56990995,2.104025,-4.730164,10.486593,-0.610687,-19.832062,-48.870228
57040995,1.622626,-2.626139,9.768087,-18.259542,-92.305344,-57.984734
57090995,-2.702780,1.998644,8.964559,-58.534351,-130.992371,-124.473282
57140995,-2.062112,5.362449,8.929831,-111.603050,-56.732826,-137.435120
57190995,-2.338737,7.308403,10.291399,-111.053436,53.786259,-155.801529
57240995,-0.007185,6.551576,12.024196,-107.908394,76.015266,-228.412216
57290995,1.064586,5.805528,10.887759,-34.198475,81.603050,-232.610687
57340995,0.544867,4.846322,10.818304,-4.519084,-19.801527,-151.297714
57390995,-0.896935,2.672842,10.950029,-3.877863,-0.473282,-51.282444
57440995,-0.991538,2.365082,10.268646,8.549619,-1.435115,-12.625955
57490995,-0.904120,2.321971,10.467433,8.335877,-7.725191,8.290076
57540995,-1.068179,0.926873,10.521321,4.091603,-11.847328,27.511450
57590995,-0.481399,1.015488,10.364448,9.038168,-3.206107,32.473282
57640995,-1.053809,1.013093,10.063872,16.152672,-12.625955,18.916031
57690995,-0.821492,1.116079,9.893826,8.244275,14.229008,17.358778
57740995,-0.728086,1.003513,10.025552,-3.541985,19.175573,24.106871
57790995,-0.980761,0.981958,10.066268,-8.427481,6.717557,34.061069
57840995,-1.001118,1.053809,10.112970,-10.534351,24.854961,35.068703
57890995,-0.516127,1.015488,10.450668,-0.122137,25.343512,31.343512
57940995,-1.076561,1.437012,12.764257,2.687023,54.122139,29.496183
57990995,-1.816622,2.036964,16.337626,-14.564885,44.458015,39.099236
58040995,-2.397415,1.293311,17.359102,-40.274811,-95.206108,20.458015
58090995,-3.673960,0.881367,17.189056,-53.709923,-178.564880,-27.145039
58140995,-2.083667,-0.355660,17.784218,-38.015266,-143.816788,-44.519085
58190995,-2.253713,-0.755629,14.168936,7.450382,-159.603058,-15.236641
58240995,-0.823887,-0.437091,11.395503,48.030533,-168.519089,-6.687023
58290995,-1.587898,0.131726,8.461604,80.824425,-83.664124,-0.503817
58341019,0.013173,-0.004790,5.391189,78.198471,-32.000000,12.045801
58390995,0.593965,0.203577,3.405718,90.625954,-20.778625,43.725189
58440995,-0.104183,0.767604,2.646497,85.190842,-68.091606,88.534348
58490995,-0.057480,0.864602,1.454974,82.656487,-93.160309,106.580154
58540995,-1.854943,0.465831,0.880170,74.564888,-65.419846,118.519081
58590995,-2.610571,0.558040,0.096998,65.221375,-3.435115,97.343513
58640995,-1.960324,1.210682,1.086141,73.435112,72.778625,53.160305
58690995,-1.222658,1.900448,1.631008,30.778625,120.564888,-3.480916
58740995,0.959205,1.331631,4.696633,-1.496183,121.740456,-0.351145
58790995,1.398691,1.810635,6.611452,-52.152672,151.007629,-1.893130
58840995,-1.551973,1.571133,10.380015,-94.748093,123.038170,-19.343512
58890995,-2.366279,-0.135319,12.282858,-134.351151,195.557251,-32.061069
58940995,-1.440604,0.293390,14.373711,-118.412216,205.664124,-22.488550
58990995,-2.841691,-0.542472,15.768809,-98.076332,172.809158,15.297709
59040995,-0.581990,-1.887275,18.045275,-78.687019,170.839691,42.045803
59090995,-0.681383,-0.580792,19.416424,-51.816795,86.213737,47.389313
59140995,-2.217788,-1.510060,21.641397,-15.816793,98.671753,22.198473
59190995,0.795147,-0.462239,21.943171,-10.229008,-28.045801,-13.923664
59240995,1.062191,-0.985551,21.656965,8.885496,-166.412216,-35.954197
59290995,-1.227448,-1.404679,19.852318,43.786259,-226.045807,-40.916031
59340995,3.838019,-0.026345,14.426401,79.450378,-272.900757,-34.854961
59390995,1.731599,-0.304167,11.344010,60.763359,-243.251907,19.145039
59441019,0.849034,-0.525707,6.970705,88.671753,-311.312988,6.732824
59490995,-0.753234,0.410746,4.144581,75.755722,-199.541992,-18.580153
59540995,-2.180665,-0.061073,3.569777,88.580154,-97.374046,-15.847328
59590995,-1.446592,0.940045,1.014291,90.106873,-97.465652,-20.290077
59640995,-0.446671,1.256188,0.295785,84.580154,-153.633591,-8.992367
59690995,-2.116000,1.156794,-0.387993,68.732826,-85.847328,48.946564
59740995,-2.851271,1.190325,-1.190325,67.328247,30.793894,65.725189
59790995,-2.107617,1.961521,0.963995,63.419846,131.908401,46.564884
59840995,-2.641707,1.518442,2.780618,34.229008,145.725189,-15.129771
59890995,-1.900448,1.956731,4.673881,-17.038168,194.473282,-70.610687
59940995,-1.444197,2.218986,6.840176,-112.549622,251.038162,-61.755726
59990995,-1.195115,1.404679,13.014537,-105.557251,294.916016,-15.801527
60040995,0.725691,1.150807,13.133090,-109.587784,274.717560,4.335878
60090995,0.908910,1.304088,12.548705,-113.648857,74.519081,-11.374045
60140995,-2.195035,0.336500,12.952266,-121.099236,83.847328,3.816794
60190995,-0.088616,0.525707,13.897101,-113.862595,207.480911,-12.091603
60240995,0.778381,-1.777105,16.872913,-83.694656,225.740463,-3.267176
60290995,-0.093406,0.525707,18.416504,-60.061069,166.916031,11.862596
60340995,1.858535,0.235909,19.027233,-24.030535,84.519081,2.656489
60390995,2.791395,-0.634680,19.148182,-3.755725,-53.786259,-7.847328
60440995,1.350791,-0.804727,18.477577,27.725191,-168.213745,-16.961832
60490995,2.808161,-0.568817,18.032103,70.442749,-212.809158,-23.755726
60540995,2.072890,-0.611928,16.132853,94.167938,-246.290070,-22.564886
60590995,2.720742,0.038320,12.622951,111.389313,-267.541992,-5.954198
60640995,0.732876,-0.227527,9.637559,105.954201,-284.564880,-4.122138
60690995,-1.086141,0.851429,7.496411,81.068703,-215.129776,16.396946
60740995,-1.522035,1.165177,6.191126,66.839691,-158.351151,23.938931
60790995,-2.191443,0.587977,4.264332,43.053436,-106.137405,22.045801
60841019,-1.311273,0.797542,2.882406,23.969465,-68.381676,3.419847
60890995,-1.647774,1.101709,1.602268,18.687023,-59.419846,14.854961
60940995,-2.144740,1.088536,0.847837,5.709924,-36.183205,27.969465
60990995,-3.041675,1.489702,0.179626,17.007633,13.770992,16.687023
61040995,-3.968548,0.893342,0.858615,25.435114,44.396946,-8.916031
61090995,-2.482438,1.199905,1.678909,32.946564,126.641220,-36.656490
61140995,-1.342409,1.110092,3.844007,-10.564885,165.038162,-29.557251
61190995,-1.433419,1.254990,6.159990,-45.251907,174.030533,-25.893129
61240995,0.368833,1.705254,8.549023,-88.793892,183.022903,-27.816793
61290995,0.336500,1.713637,11.096126,-111.786263,204.977097,-27.694656
61340995,-0.089813,0.898132,12.930711,-122.503815,193.526718,-45.221375
61390995,0.789159,0.152084,13.448035,-111.053436,167.877869,-41.664124
61440995,0.931663,-0.469424,15.222745,-95.847328,189.862595,-17.664122
61490995,1.419049,-0.537682,16.324453,-65.832062,175.648849,25.954199
61540995,3.452421,-0.326920,16.235838,-12.885496,104.045799,12.854961
61590995,-0.329315,0.717308,16.841778,18.106871,24.290077,5.618320
61640995,-0.118553,1.404679,18.211729,19.603054,56.335876,11.694656
61690995,2.139950,1.017883,19.520607,-10.717557,-12.244275,-1.923664
61740995,2.178270,0.614323,18.781744,18.900763,-155.633591,-33.282444
61790995,1.927991,0.171244,17.068108,39.480915,-264.335876,-45.129772
61840995,0.316143,-0.704136,17.239351,51.267174,-228.870224,-33.847328
61890995,3.390150,0.717308,13.232484,82.045799,-177.236649,-20.015266
61941019,3.750601,0.508942,10.636282,79.450378,-237.633591,15.389313
61990995,3.380570,-0.192799,7.387438,110.290077,-302.595428,28.549618
62040995,-0.907712,0.686173,4.519402,135.755722,-356.580139,11.053435
62090995,-4.145779,1.281335,3.014132,108.183205,-222.961838,27.587786
62140995,-3.311115,1.579515,1.518442,56.549618,-93.083969,50.488548
62190995,-3.871549,1.284928,2.480043,7.725191,-58.519085,66.717560
62241019,-4.261938,1.263373,2.074087,-8.977099,-25.908398,46.961834
62290995,-4.497847,1.214275,1.427432,12.000000,-14.045801,7.633588
62340995,-4.915778,1.563948,1.325643,39.419846,20.198473,-10.351145
62390995,-5.137317,1.769920,1.326841,47.267174,70.763359,-29.877863
62440995,-3.828439,1.281335,2.184258,40.061069,125.770996,-46.885498
62490995,-2.212998,2.135160,3.405718,9.435115,188.824432,-36.335876
62540995,-2.072890,1.616638,4.721781,-30.290077,200.198471,-31.740458
62590995,-1.155597,2.629732,7.041358,-81.343513,204.351151,-32.519085
62640995,-1.204695,2.715952,9.491463,-141.435120,239.938934,-22.717558
62690995,-0.513732,1.749562,11.989469,-184.213745,203.755722,-49.450382
62740995,0.125739,0.294587,14.389278,-180.427475,221.984726,-48.534351
62790995,0.237107,-0.421523,17.630938,-147.877869,248.595413,-20.458015
62840995,2.869234,-0.476609,18.119520,-73.740456,200.625961,-0.916031
62890995,1.585503,0.076641,17.780626,-12.152672,79.832062,2.702290
62940995,1.011896,0.626298,15.233522,41.984734,-17.801527,-9.435115
62990995,0.656235,0.799937,13.300741,70.503815,-5.725191,-19.877863
63040995,1.284928,1.421444,11.541599,64.793892,-30.167938,-14.412213
63090995,0.995131,1.238225,10.744058,45.068703,-62.702290,2.702290
63140995,0.334105,1.334026,10.444680,36.030533,-55.297710,12.564885
63190995,0.017963,1.888473,10.544074,15.083969,-30.595419,9.435115
63240995,-0.471819,1.631008,10.570419,-4.244275,-16.427481,5.877862
63290995,-0.225132,1.438209,10.359657,-29.984734,-11.786260,-2.748092
63341019,-0.324525,1.186732,10.112970,-38.015266,-53.007633,-7.450382
63390995,-0.968785,0.910107,9.821976,-31.633587,-66.946564,-5.877862
63440995,-1.020278,0.790356,9.614806,-20.396946,-47.694656,-3.786260
63490995,-0.407153,0.716111,8.752600,-5.557252,-29.587786,8.793893
63540995,-0.365240,0.802332,8.859178,-5.893130,-20.900763,17.938931
63590995,-0.070653,1.020278,9.313034,3.083969,1.358779,14.076336
63640995,0.356858,1.300496,9.304651,-7.603054,9.603053,14.763359
63690995,0.674198,1.362766,9.455538,-16.702290,23.404581,36.519085
63740995,0.917293,0.991538,9.617202,-22.167938,26.015266,54.427483
63790995,0.766406,0.380808,9.724977,-17.404581,24.732824,63.465649
63840995,0.584385,0.311353,9.990825,-17.404581,21.664122,59.328243
63890995,0.265847,0.033530,10.065070,-17.404581,22.992367,32.015266
63940995,0.712518,-0.253872,9.702225,-13.954199,37.251907,14.610687
63990995,0.963995,0.040715,9.683064,-2.229008,20.137405,-1.190840
64040995,0.742456,-0.099393,9.714200,0.396947,18.595419,-1.083969
64090995,0.916095,0.137714,10.160871,6.076336,16.977098,4.015267
64140995,0.840652,0.140109,10.098600,6.656488,-16.152672,14.641221
64190995,1.205892,0.464634,10.025552,20.213741,-27.587786,20.717558
64240995,1.205892,0.822689,10.128538,35.786259,-10.198473,18.519083
64290995,0.767604,1.222658,10.333312,41.832062,-15.053435,7.267176
64340995,0.615520,1.063389,10.232721,31.725191,-14.427481,6.122138
64390995,0.316143,1.148412,10.465038,30.229008,12.000000,5.190840
64440995,0.835862,1.472937,10.684182,21.679390,23.312977,-5.083970
64490995,0.826282,1.335223,10.546469,10.045801,21.404581,-18.274809
64540995,0.797542,1.330433,10.547667,10.687023,15.267176,-21.145039
64590995,0.928070,1.233435,10.293795,19.755726,-5.053435,-21.862595
64640995,1.009501,1.173560,10.138118,15.114504,-33.450382,-25.099237
64690995,0.595162,1.671724,10.103391,-5.343512,-19.603054,-31.709923
64741019,0.924478,1.875300,9.736953,-27.938931,24.122137,-32.229008
64790995,0.822689,1.438209,9.772878,-41.740459,37.664124,-21.709923
64840995,0.625100,1.483715,9.909393,-45.801525,12.335877,-13.786260
64890995,1.001118,0.999921,9.847123,-48.580154,27.541985,-13.603053
64940995,2.168690,7.725136,-6.823411,-63.572517,21.435114,-16.106871
64990995,0.544867,0.095801,9.775272,4.335878,-29.099237,-5.190840
65040995,0.186812,0.347278,10.801538,12.366412,-28.564886,-4.015267
65090995,1.063389,1.059796,12.917539,0.244275,-25.847328,-8.106871
65140995,1.010698,0.257465,10.357263,-1.312977,-24.381680,-13.297709
65190995,0.614323,1.040636,10.077045,-19.816793,-40.244274,-8.290076
65240995,-0.038320,0.893342,10.377620,-33.618320,-38.854961,-3.251908
65290995,0.056283,0.523312,9.617202,-53.557251,17.374046,9.328244
65340995,0.356858,0.695753,10.039923,-59.358780,6.610687,-1.801527
65390995,-0.318538,-1.459764,7.290440,5.801527,-25.832062,5.801527
65440995,-0.364043,0.074246,10.351274,-14.839695,-0.839695,3.145038
65490995,0.420326,0.116158,10.754836,-1.221374,-1.969466,-6.320611
65540995,-0.274230,-0.437091,10.432706,-3.877863,-4.793893,-3.557252
65590995,-0.025148,0.031135,10.799144,-1.984733,-12.183207,-9.206107
65640995,-0.347278,-0.220342,10.336905,-4.335878,-3.664122,-10.137404
65690995,0.531694,0.556842,10.554852,-1.526718,1.938931,-22.961832
65740995,0.023950,-0.122146,10.075848,-4.671756,3.251908,-34.702290
65790995,0.294587,0.191602,10.505754,-1.312977,4.534351,-48.412212
65841019,-0.010778,0.255070,9.744138,-0.946565,-4.198473,-19.832062
65890995,0.049098,-0.028740,9.390872,-6.259542,9.847328,-0.290076
65940995,0.096998,0.046703,10.326127,-2.900763,-0.717557,-0.213740
65990995,0.245490,-0.166454,10.128538,-3.511450,-2.335878,0.503817
66040995,0.822689,-0.146096,12.678037,0.427481,-5.679389,3.145038
66090995,0.279020,0.158071,10.716516,-1.465649,-3.343511,20.946566
66140995,-0.033530,0.326920,10.241104,-4.793893,2.045802,34.458015
66190995,0.013173,0.222737,10.233919,-6.320611,-0.015267,33.328243
66240995,0.280217,0.155676,10.142908,-4.854962,0.259542,29.664122
66290995,0.336500,-0.004790,10.261461,-4.396946,-0.167939,15.190840
66340995,-0.016765,0.217947,10.351274,-3.114504,-7.847328,0.824427
66390995,-0.201182,0.199984,10.202784,-2.809160,2.229008,1.740458
66440995,0.162861,0.101788,10.320140,-5.007634,9.694656,0.900763
66490995,0.401166,0.061073,10.259067,-2.564885,-4.030534,0.839695
66540995,-0.044308,0.114961,10.300980,-1.893130,-7.480916,1.496183
66590995,-0.070653,0.285007,10.221944,-3.633588,2.641221,1.160305
66640995,0.283810,0.250280,10.251882,-3.572519,3.526718,1.832061
66690995,0.197589,0.129331,10.259067,-2.809160,-3.511450,1.862595
66740995,-0.033530,0.144899,10.249487,-2.931298,-1.603053,1.603053
66790995,0.111368,0.188009,10.180031,-3.480916,2.427481,1.083969
66840995,0.155676,0.216749,10.209969,-3.145038,-1.435115,0.931298
66890995,0.038320,0.229922,10.230327,-2.961832,-1.633588,1.435115
66940995,0.076641,0.205972,10.213561,-3.328244,1.145038,1.129771
66990995,0.131726,0.159269,10.207574,-2.809160,-0.931298,1.297710
67040995,0.067061,0.150886,10.219549,-3.083969,-1.312977,1.511450
67090995,0.122146,0.215552,10.218351,-3.206107,0.717557,0.946565
67140995,0.135319,0.216749,10.269844,-3.114504,-0.671756,1.450382
67190995,0.076641,0.161664,10.268646,-3.236641,-0.839695,1.679389
67241019,0.102986,0.152084,10.260264,-3.206107,0.305344,1.633588
67290995,0.155676,0.176034,10.280622,-3.083969,-0.503817,1.343511
67340995,0.091011,0.190404,10.213561,-3.022901,-0.778626,1.236641
67390995,0.059875,0.214354,10.194401,-3.114504,-0.030534,1.480916
67440995,0.091011,0.120948,10.348880,-3.206107,-1.022901,1.099237
67490995,0.178429,0.132924,10.286610,-2.931298,0.213740,0.732824
67540995,0.173639,0.238304,10.237512,-2.778626,-0.381679,1.389313
67590995,0.047900,0.241897,10.231524,-2.992366,-0.946565,0.854962
67640995,0.152084,0.192799,10.310559,-3.541985,0.625954,1.251908
67690995,0.148491,0.176034,10.304572,-2.870229,-0.885496,1.694656
67740995,0.062271,0.138911,10.351274,-3.145038,-0.625954,1.435115
67790995,0.087418,0.100591,10.254276,-3.358779,-0.137405,1.099237
67840995,0.154479,0.159269,10.247091,-2.809160,0.061069,1.068702
67890995,0.100591,0.268242,10.292597,-2.564885,-1.221374,0.992366
67940995,0.034728,0.261057,10.243499,-2.961832,-0.503817,0.885496
67990995,0.183219,0.172441,10.255474,-3.114504,0.137405,1.312977
